Epoch0: [<tf.Variable 'conv2d/kernel:0' shape=(3, 3, 1, 32) dtype=float32, numpy=
array([[[[-1.30377918e-01,  1.28479227e-01, -1.54728517e-01,
          -1.76749961e-03,  1.53293788e-01,  2.19968542e-01,
           6.31683096e-02, -8.86854082e-02,  8.32218751e-02,
          -5.49065694e-02,  1.53910056e-01,  1.51801109e-01,
           1.90053493e-01, -2.16734275e-01,  9.96959358e-02,
          -1.85770333e-01,  1.46798894e-01,  1.08462170e-01,
          -1.82646606e-02, -7.24325255e-02,  5.59754819e-02,
           1.85657650e-01,  1.13097981e-01,  4.39603925e-02,
           1.62439153e-01,  1.38442591e-01,  1.93900213e-01,
          -6.45620823e-02, -2.47196984e-02,  6.65130541e-02,
          -9.04625282e-02, -1.48797289e-01]],

        [[-1.06205210e-01, -4.05723266e-02, -1.09849192e-01,
           9.35023725e-02,  1.19130537e-01,  1.25263572e-01,
          -1.11447066e-01, -1.50277922e-02,  1.56896576e-01,
           6.85768994e-03,  1.40404478e-01,  6.48879930e-02,
          -4.63907756e-02,  6.19814396e-02,  1.47697896e-01,
          -8.07774588e-02,  2.71989629e-02, -1.51746655e-02,
          -4.81240340e-02, -1.93017408e-01,  1.65127233e-01,
           1.76781788e-01,  8.68496150e-02,  1.87068190e-02,
           7.52573758e-02, -1.76218390e-01,  4.66500297e-02,
           5.84428161e-02, -1.69191554e-01, -3.49795707e-02,
           6.66192025e-02,  1.03786662e-02]],

        [[-1.14924587e-01,  1.86734617e-01,  7.99304768e-02,
           1.27744809e-01,  1.13226980e-01, -1.33919328e-01,
          -8.47750753e-02, -5.08170649e-02,  6.21400103e-02,
           1.22915342e-01, -1.09970026e-01,  1.74781725e-01,
           1.55218188e-02,  8.09294581e-02,  1.29376397e-01,
          -8.90599862e-02,  1.03471957e-01, -1.83025330e-01,
           6.64372817e-02, -1.74975842e-01,  1.72368795e-01,
           6.99867904e-02, -8.84071365e-02,  1.31231844e-01,
           4.60530631e-02, -6.15262892e-04, -5.09485342e-02,
           1.78043261e-01, -1.13137908e-01,  1.83151037e-01,
           2.59161388e-05,  8.29626769e-02]]],


       [[[-1.16933864e-02,  9.43112075e-02, -1.64328247e-01,
           4.63235267e-02,  1.80080011e-01,  2.75062993e-02,
           1.66401982e-01, -2.52704937e-02, -1.39127234e-02,
          -1.34203330e-01, -3.80358659e-02,  1.11938119e-01,
           1.42646000e-01, -1.34184420e-01,  1.78701729e-02,
          -3.34068864e-05,  1.63458064e-01,  1.19268633e-01,
           1.70504019e-01, -4.97113653e-02,  2.31654793e-02,
          -3.59429382e-02,  9.84901935e-02,  7.52000883e-02,
           1.69438377e-01,  8.30910727e-02,  1.45080969e-01,
           2.02841923e-01, -6.53402731e-02, -1.82948774e-04,
           1.14847183e-01, -8.68557096e-02]],

        [[ 3.27856541e-02,  1.61131233e-01, -9.05504748e-02,
           1.21317998e-01,  1.86604649e-01, -2.14330062e-01,
          -1.86143443e-01, -1.95215326e-02,  3.91651541e-02,
          -1.41756341e-01, -1.59302948e-03,  1.15873873e-01,
           1.72291741e-01,  5.96180139e-03,  1.02335908e-01,
           6.29797429e-02,  6.10287152e-02,  9.88119766e-02,
           4.88046594e-02,  5.30853122e-02,  1.61861271e-01,
           1.48035288e-01,  9.74137485e-02,  1.20999411e-01,
          -6.53515235e-02, -1.57517090e-01, -1.44301830e-02,
           1.23884924e-01,  7.13460445e-02,  9.99052674e-02,
           1.73303381e-01, -6.67571425e-02]],

        [[-1.95239112e-02, -7.19951093e-02,  6.28722161e-02,
           5.36551997e-02,  9.71812233e-02, -1.99568078e-01,
           5.50162345e-02, -1.10854454e-01, -8.16831663e-02,
           4.87220250e-02, -1.53202871e-02,  1.84072517e-02,
          -1.94935147e-02,  1.21591762e-01, -5.21345660e-02,
          -1.08666435e-01, -2.74069123e-02, -1.88861102e-01,
           1.85435012e-01,  1.19788751e-01,  1.38784617e-01,
          -3.33618303e-03,  1.39185265e-01,  2.00748742e-01,
           1.22763641e-01,  3.92612591e-02,  6.85360581e-02,
           1.78064033e-02, -9.85043645e-02,  9.06584710e-02,
           1.72098264e-01,  1.57555595e-01]]],


       [[[-1.90121010e-02,  9.14361477e-02,  3.55287082e-02,
           1.56385843e-02,  1.85171723e-01, -8.42552483e-02,
          -1.27069116e-01,  1.83884203e-02,  7.14762211e-02,
           9.98237506e-02, -1.85391575e-01,  3.63178290e-02,
           5.16019799e-02, -1.65021136e-01,  1.53346121e-01,
          -7.71596730e-02,  1.29352808e-01,  8.28994662e-02,
          -9.96446684e-02,  1.57389611e-01,  2.30596568e-02,
          -2.53979534e-01,  1.82874888e-01,  1.43817648e-01,
          -7.14184567e-02,  1.60360768e-01,  1.09036677e-01,
           4.82571684e-02,  2.04716638e-01, -1.02708012e-01,
           1.25455827e-01, -1.73819885e-01]],

        [[ 1.39375404e-01,  4.87752259e-02,  1.67549178e-01,
          -1.16229728e-02,  6.59002662e-02, -1.31630406e-01,
          -1.10341318e-01, -2.21362747e-02,  1.38520166e-01,
          -5.76218031e-03, -9.52908397e-02,  1.41133368e-01,
           1.82999074e-01,  2.41814926e-02,  1.99335188e-01,
           1.25392437e-01,  1.39883146e-01, -3.89448963e-02,
          -3.53910513e-02,  9.44122374e-02,  1.07668817e-01,
          -2.21803412e-01,  7.21301958e-02,  1.06396198e-01,
          -6.16468675e-02, -7.61619955e-03,  4.55672925e-05,
          -7.10566789e-02,  1.17159851e-01,  1.82299808e-01,
          -3.34852785e-02,  4.22738551e-04]],

        [[-4.28299271e-02,  1.17808431e-01,  1.74930990e-01,
           1.68507099e-01,  6.29949346e-02,  1.95219338e-01,
           9.34979096e-02, -1.20290615e-01,  1.18033618e-01,
          -1.89511582e-01,  1.23856999e-01,  1.52597398e-01,
           1.24178194e-01,  6.82403445e-02,  1.28028885e-01,
          -7.72246644e-02,  2.65851784e-02, -1.82711795e-01,
           1.60122678e-01,  1.19371533e-01,  1.10051915e-01,
          -1.11026548e-01, -7.53063038e-02,  1.67601660e-01,
           9.30752605e-02, -1.70210794e-01,  1.57838434e-01,
           9.79063218e-04,  3.77898142e-02,  1.11261539e-01,
           3.06412335e-02,  1.62640139e-01]]]], dtype=float32)>, <tf.Variable 'conv2d/bias:0' shape=(32,) dtype=float32, numpy=
array([0.03009658, 0.00736929, 0.03214935, 0.0138999 , 0.0110387 ,
       0.03733142, 0.04537821, 0.05543   , 0.02350322, 0.05749492,
       0.02614874, 0.01234079, 0.00814086, 0.03981389, 0.00327044,
       0.05086284, 0.01173916, 0.04077463, 0.02029184, 0.02712237,
       0.01220498, 0.02513321, 0.02647347, 0.01711945, 0.0202661 ,
       0.02868566, 0.01678458, 0.01894681, 0.02507557, 0.02113073,
       0.01253058, 0.0255291 ], dtype=float32)>, <tf.Variable 'ldpc__drop_connect_dense/kernel:0' shape=(5408, 128) dtype=float32, numpy=
array([[ 0.00460682,  0.02565254,  0.0033155 , ...,  0.01220469,
         0.01162987,  0.0142828 ],
       [ 0.01021496, -0.01827601, -0.0188657 , ..., -0.00883474,
        -0.02580019, -0.00507918],
       [-0.00346319, -0.02362064, -0.03399697, ...,  0.00565676,
        -0.0116593 ,  0.02751032],
       ...,
       [ 0.01098733,  0.00624437,  0.00578237, ...,  0.02412984,
         0.02089724,  0.02843752],
       [-0.03187138, -0.00281881,  0.02923053, ...,  0.00878147,
         0.01103387,  0.00493284],
       [ 0.00142116,  0.02450425, -0.00209345, ...,  0.02603761,
         0.01866685,  0.030174  ]], dtype=float32)>, <tf.Variable 'ldpc__drop_connect_dense/bias:0' shape=(128,) dtype=float32, numpy=
array([ 0.00250461, -0.00214501, -0.00104871, -0.0014821 , -0.00442422,
       -0.0006126 ,  0.00386769,  0.00404381,  0.00758118,  0.0059038 ,
        0.00072902,  0.0046219 , -0.00130823,  0.01052055,  0.00212888,
        0.00758164, -0.00195313,  0.00162602,  0.00493795, -0.00177719,
        0.01155115, -0.0091897 , -0.00235208,  0.00519188, -0.00216745,
       -0.00997472,  0.00580203,  0.00417415,  0.00593096,  0.00397981,
       -0.00060385,  0.00380703,  0.01156308, -0.00076519,  0.00555158,
        0.00607643,  0.00812072,  0.00421303,  0.00315695, -0.00443188,
       -0.00198019,  0.0089831 ,  0.00446196,  0.00194444,  0.00981592,
        0.00508751,  0.01357104, -0.00395308,  0.00851136, -0.00340467,
        0.0072703 ,  0.00585911, -0.00612584, -0.00303847,  0.00131265,
        0.00394987,  0.01597434,  0.00787793,  0.01166762,  0.00640139,
        0.00746723,  0.01017013,  0.01135896, -0.00609663,  0.01098869,
        0.00459071,  0.01558336, -0.00225596,  0.0134279 ,  0.00049827,
        0.00896369, -0.002188  ,  0.00801576, -0.0093085 , -0.0030831 ,
        0.00266596,  0.01106615,  0.00494102,  0.00896199,  0.00224141,
        0.00263864,  0.00620421, -0.00096481,  0.01071798,  0.00586099,
        0.00466514, -0.00202112,  0.00259841,  0.00148921, -0.00054527,
        0.00256803,  0.00726887,  0.01095144,  0.01311345,  0.00426219,
        0.00940166,  0.01385239,  0.00622449,  0.00447484, -0.00103105,
        0.01272955,  0.00107076,  0.01476424,  0.00807208,  0.00797507,
        0.01108812, -0.00672953,  0.00153125,  0.0007181 ,  0.01565118,
        0.0053888 ,  0.00482664,  0.01281947, -0.0022516 ,  0.01384661,
        0.00450871,  0.00654531,  0.00790581,  0.00336606, -0.00561205,
       -0.0017105 ,  0.00081117,  0.00833244,  0.01689018, -0.00159502,
        0.00665205,  0.00174348, -0.00153397], dtype=float32)>, <tf.Variable 'dense/kernel:0' shape=(128, 10) dtype=float32, numpy=
array([[-1.47553727e-01, -1.06766395e-01,  1.41101286e-01, ...,
         1.03975603e-04,  2.03734308e-01, -2.42012776e-02],
       [ 9.29698907e-03, -9.45444256e-02, -8.81151780e-02, ...,
         5.26539907e-02,  1.04430057e-01, -2.06351280e-02],
       [ 1.99860573e-01, -9.41373631e-02,  1.57384738e-01, ...,
        -9.25330669e-02,  1.75529972e-01,  2.42186673e-02],
       ...,
       [ 7.14273080e-02,  1.67673334e-01, -3.44951637e-02, ...,
        -1.57779697e-02,  2.78714579e-02,  1.87843665e-01],
       [ 5.36998250e-02, -3.90580781e-02, -1.63148969e-01, ...,
         9.27322656e-02,  1.69178948e-01,  2.21065506e-01],
       [ 1.94528297e-01, -9.57864076e-02,  1.71122640e-01, ...,
        -5.98065294e-02,  5.90831228e-02, -1.43518627e-01]], dtype=float32)>, <tf.Variable 'dense/bias:0' shape=(10,) dtype=float32, numpy=
array([-0.0090599 ,  0.00900546,  0.0035685 ,  0.00432745,  0.0012779 ,
        0.00412893, -0.00964863,  0.00811092, -0.01321321, -0.00133673],
      dtype=float32)>] 
Epoch1: [<tf.Variable 'conv2d/kernel:0' shape=(3, 3, 1, 32) dtype=float32, numpy=
array([[[[-0.20432214,  0.12718353, -0.18998623, -0.0014462 ,
           0.14930864,  0.2711059 ,  0.10921233, -0.11605409,
           0.08941939, -0.03236874,  0.1847419 ,  0.15479912,
           0.19527589, -0.2641114 ,  0.10054976, -0.21788539,
           0.14940397,  0.13983555, -0.01696148, -0.11382183,
           0.05510819,  0.21437204,  0.11328473,  0.03677281,
           0.16714163,  0.16323975,  0.20127551, -0.07961305,
          -0.04992577,  0.06526171, -0.10344376, -0.18320422]],

        [[-0.17979096, -0.03903985, -0.14237039,  0.10161313,
           0.12233211,  0.16429536, -0.12040062, -0.02729802,
           0.16537064,  0.05546057,  0.1662721 ,  0.07180857,
          -0.05062301,  0.07727487,  0.1543772 , -0.12553483,
           0.0318458 ,  0.00872707, -0.04323233, -0.2398725 ,
           0.1720203 ,  0.2089579 ,  0.08701544,  0.01930838,
           0.08129226, -0.19226766,  0.04576819,  0.0626182 ,
          -0.22910057, -0.0314012 ,  0.06448478,  0.00944587]],

        [[-0.18346772,  0.18556845,  0.08183806,  0.1289258 ,
           0.11423425, -0.14543013, -0.11039224, -0.06128255,
           0.05543803,  0.17946443, -0.10715748,  0.17572382,
          -0.00529172,  0.11383966,  0.12862988, -0.13140033,
           0.10038749, -0.22419488,  0.06529091, -0.22198884,
           0.17461278,  0.11580814, -0.09948161,  0.13099824,
           0.04606742, -0.0278982 , -0.07074618,  0.18525647,
          -0.16189528,  0.18458518,  0.00193714,  0.11999941]]],


       [[[ 0.0235829 ,  0.09888831, -0.20363684,  0.04706206,
           0.18355605,  0.05459803,  0.19517446, -0.02103928,
          -0.01734796, -0.17968145, -0.03166593,  0.11290884,
           0.14997971, -0.18098485,  0.0153267 ,  0.02244422,
           0.1699564 ,  0.15294611,  0.17437036, -0.05159435,
           0.02132016, -0.02825137,  0.09997199,  0.07232728,
           0.17386623,  0.12768246,  0.1513236 ,  0.21014933,
          -0.04893016, -0.01338563,  0.11929986, -0.13715887]],

        [[ 0.0684887 ,  0.16987494, -0.08431477,  0.12905435,
           0.19505033, -0.28419697, -0.26850474, -0.03066901,
           0.04355853, -0.21100827, -0.00406446,  0.12347052,
           0.18113296,  0.02743805,  0.11003865,  0.08055075,
           0.06796679,  0.11833172,  0.05803026,  0.06088269,
           0.17169683,  0.15754399,  0.10304198,  0.12839596,
          -0.05917489, -0.172291  , -0.00985615,  0.13340141,
           0.0688293 ,  0.10122773,  0.18617521, -0.06229756]],

        [[-0.00773153, -0.07302282,  0.0927266 ,  0.05531452,
           0.09860825, -0.24241279,  0.07816286, -0.11742046,
          -0.09147431,  0.05987047, -0.02171209,  0.02176264,
          -0.02488874,  0.1502768 , -0.05510077, -0.12567621,
          -0.03637698, -0.24980883,  0.19246185,  0.12054248,
           0.14633526,  0.02213731,  0.13903894,  0.20669849,
           0.13062322, -0.00094984,  0.06626168,  0.01683895,
          -0.1003685 ,  0.09290963,  0.18044545,  0.19530763]]],


       [[[ 0.03436185,  0.09139752,  0.0279547 ,  0.00556152,
           0.1836671 , -0.12149625, -0.13510476,  0.03930407,
           0.06887613,  0.12557384, -0.22439964,  0.03065791,
           0.04948628, -0.1984277 ,  0.15334332, -0.04711206,
           0.1321655 ,  0.12454433, -0.1161616 ,  0.1863191 ,
           0.01598665, -0.31449878,  0.1847745 ,  0.14423639,
          -0.08193431,  0.1974203 ,  0.10654772,  0.04781923,
           0.2367168 , -0.11883819,  0.12771273, -0.21332729]],

        [[ 0.18099692,  0.0562006 ,  0.1923903 , -0.01399043,
           0.06929239, -0.17509852, -0.15252753,  0.01291063,
           0.14848822, -0.04012751, -0.11231356,  0.14690532,
           0.19241293,  0.03588006,  0.20809683,  0.14735915,
           0.14888398, -0.02601848, -0.04313152,  0.12127707,
           0.11241841, -0.2873082 ,  0.07672396,  0.11314967,
          -0.06795223, -0.00077923,  0.0077043 , -0.0832309 ,
           0.15255384,  0.18484625, -0.03339522,  0.01050806]],

        [[ 0.00045328,  0.12257534,  0.1981789 ,  0.16965929,
           0.06479571,  0.23717465,  0.13141143, -0.1199673 ,
           0.12607495, -0.21816891,  0.12974171,  0.16077793,
           0.13425708,  0.09002749,  0.13254425, -0.06681615,
           0.02802475, -0.22617637,  0.16217159,  0.12852119,
           0.11703137, -0.14486495, -0.07650456,  0.17062515,
           0.09970645, -0.18409985,  0.16982737, -0.01678453,
           0.06606888,  0.11380136,  0.02650557,  0.19051346]]]],
      dtype=float32)>, <tf.Variable 'conv2d/bias:0' shape=(32,) dtype=float32, numpy=
array([ 0.04270097,  0.00481876,  0.02801573,  0.00803362,  0.00786157,
        0.04819207,  0.05481991,  0.06651946,  0.02019544,  0.06701329,
        0.02207392,  0.00792449,  0.00310572,  0.03865982, -0.00010414,
        0.06073943,  0.00666855,  0.04135156,  0.01578256,  0.0255982 ,
        0.00827876,  0.02579349,  0.02346985,  0.01333285,  0.01511248,
        0.02696146,  0.01174593,  0.01535759,  0.02500222,  0.0138957 ,
        0.01022082,  0.02132236], dtype=float32)>, <tf.Variable 'ldpc__drop_connect_dense/kernel:0' shape=(5408, 128) dtype=float32, numpy=
array([[ 0.00493852,  0.02565254,  0.0033155 , ...,  0.01220469,
         0.01015523,  0.0142828 ],
       [ 0.01010185, -0.01827601, -0.0188657 , ..., -0.00883474,
        -0.02580019, -0.00585877],
       [-0.00332574, -0.02362064, -0.03474762, ...,  0.00565676,
        -0.0116593 ,  0.02720599],
       ...,
       [ 0.01098733,  0.00356421,  0.00577557, ...,  0.02441447,
         0.02089724,  0.02953042],
       [-0.03187138, -0.00525993,  0.02874908, ...,  0.00923861,
         0.0097087 ,  0.00493284],
       [ 0.00142116,  0.02213562, -0.00209345, ...,  0.02603761,
         0.01763075,  0.030174  ]], dtype=float32)>, <tf.Variable 'ldpc__drop_connect_dense/bias:0' shape=(128,) dtype=float32, numpy=
array([ 0.00269328, -0.00459929, -0.00192064, -0.00466612, -0.00621233,
        0.00100234,  0.00093381,  0.00461129,  0.00904083,  0.00695306,
       -0.00283231,  0.00504045, -0.00239273,  0.01429895, -0.00185055,
        0.00675591, -0.00195313,  0.00111913,  0.00389653, -0.00268967,
        0.01392885, -0.0102502 , -0.00235208,  0.00463952, -0.00699759,
       -0.01254489,  0.007135  ,  0.00351816,  0.01005495,  0.00323355,
       -0.00068054,  0.004148  ,  0.01244754, -0.002072  ,  0.0044617 ,
        0.00622702,  0.00674661,  0.00402036,  0.00237032, -0.00642411,
       -0.00204161,  0.01017523,  0.00565584,  0.00172349,  0.0082104 ,
        0.00515203,  0.01308365, -0.00463564,  0.01015147, -0.00370662,
        0.00609847,  0.0063755 , -0.00810147, -0.00577507, -0.000138  ,
        0.00290189,  0.01681962,  0.00585461,  0.01251006,  0.00598689,
        0.00844385,  0.01365956,  0.01364696, -0.00838248,  0.01012712,
        0.00368011,  0.0175022 , -0.00225596,  0.01694865, -0.00088389,
        0.00996627, -0.00222184,  0.00921096, -0.01241389, -0.0030831 ,
        0.00094964,  0.0118514 ,  0.00493136,  0.01082714,  0.00287186,
        0.00261345,  0.00358846, -0.00255487,  0.01032746,  0.00506838,
        0.0052215 , -0.00126645,  0.00080089,  0.0044607 , -0.00042927,
        0.00305795,  0.00770817,  0.0127037 ,  0.0144522 ,  0.00357527,
        0.01137178,  0.01418469,  0.00553575,  0.00669435, -0.00150218,
        0.01329603,  0.0009561 ,  0.01666044,  0.00972064,  0.01028265,
        0.01350026, -0.00688118,  0.00164634,  0.00125023,  0.01886082,
        0.00556052,  0.00543175,  0.01480928, -0.0018445 ,  0.01682003,
        0.00537636,  0.00666879,  0.00867399,  0.00015986, -0.00690457,
       -0.0017105 ,  0.00085448,  0.00766309,  0.02055675, -0.00303851,
        0.00714202,  0.00063815, -0.0018977 ], dtype=float32)>, <tf.Variable 'dense/kernel:0' shape=(128, 10) dtype=float32, numpy=
array([[-0.15253906, -0.11119121,  0.14291407, ...,  0.0021463 ,
         0.20637704, -0.02286685],
       [ 0.00584929, -0.10149767, -0.09194142, ...,  0.05189905,
         0.10769667, -0.02100591],
       [ 0.20246157, -0.10041934,  0.16132076, ..., -0.09826062,
         0.1780186 ,  0.02329392],
       ...,
       [ 0.08687346,  0.16628297, -0.04325022, ..., -0.02033145,
         0.02247778,  0.20250821],
       [ 0.04924776, -0.04308674, -0.16476585, ...,  0.09285476,
         0.170895  ,  0.22345196],
       [ 0.21072076, -0.09023409,  0.19212605, ..., -0.06019814,
         0.05529925, -0.16717649]], dtype=float32)>, <tf.Variable 'dense/bias:0' shape=(10,) dtype=float32, numpy=
array([-8.9804409e-03,  9.7452085e-03,  6.1546736e-03,  5.2496912e-03,
       -5.0694325e-06,  6.3272594e-03, -1.2149723e-02,  9.7293323e-03,
       -1.7265763e-02, -1.6756949e-03], dtype=float32)>] 
Epoch2: [<tf.Variable 'conv2d/kernel:0' shape=(3, 3, 1, 32) dtype=float32, numpy=
array([[[[-0.2469702 ,  0.12257338, -0.21644485, -0.00249032,
           0.14268644,  0.30540398,  0.14097922, -0.14126079,
           0.09012514, -0.02628464,  0.20370221,  0.15583788,
           0.19762827, -0.29564825,  0.09896223, -0.24423514,
           0.14827527,  0.16067682, -0.01706645, -0.14142697,
           0.05173136,  0.232573  ,  0.1088741 ,  0.02891848,
           0.16724226,  0.17928138,  0.20514154, -0.09559902,
          -0.06216277,  0.06341786, -0.1173311 , -0.20564908]],

        [[-0.22426485, -0.04173533, -0.1682395 ,  0.10723762,
           0.12190039,  0.1936757 , -0.12766388, -0.05208943,
           0.16883078,  0.08433167,  0.18337831,  0.07633508,
          -0.0584847 ,  0.08702323,  0.15689877, -0.1649086 ,
           0.03410636,  0.02498183, -0.04148499, -0.26896027,
           0.17364787,  0.23058769,  0.08311635,  0.01491383,
           0.08227786, -0.20136888,  0.04078798,  0.06222754,
          -0.2674967 , -0.031784  ,  0.05814103,  0.00809205]],

        [[-0.21913558,  0.18289536,  0.0827551 ,  0.1286202 ,
           0.11283497, -0.14981268, -0.13416542, -0.07180231,
           0.04607659,  0.2182348 , -0.10498156,  0.17582054,
          -0.02769824,  0.13489251,  0.12484919, -0.17483293,
           0.09790777, -0.24840325,  0.05987557, -0.25101358,
           0.1711387 ,  0.14471702, -0.10985335,  0.1261725 ,
           0.04307409, -0.05022911, -0.08914242,  0.1890057 ,
          -0.19466594,  0.18175037,  0.00142135,  0.14231175]]],


       [[[ 0.04261053,  0.10093292, -0.23449755,  0.04585729,
           0.18399622,  0.0710916 ,  0.21694042, -0.01615442,
          -0.02532328, -0.2124062 , -0.02846156,  0.11265394,
           0.15310648, -0.21267106,  0.00926951,  0.04147489,
           0.17363863,  0.17550904,  0.17575857, -0.04987145,
           0.01640564, -0.02347774,  0.09686617,  0.06762002,
           0.17430846,  0.1561748 ,  0.15291801,  0.21558718,
          -0.033153  , -0.02654945,  0.12161584, -0.17294027]],

        [[ 0.08572367,  0.17500632, -0.07709073,  0.13378122,
           0.2005354 , -0.33321545, -0.33017698, -0.04022256,
           0.0418986 , -0.25517908, -0.00446348,  0.12778434,
           0.18504089,  0.04013369,  0.11210985,  0.09567604,
           0.07191001,  0.13027468,  0.06243588,  0.07144602,
           0.17536332,  0.1650919 ,  0.10380897,  0.1301865 ,
          -0.0574346 , -0.17903644, -0.01038434,  0.1393103 ,
           0.07112426,  0.09968269,  0.19500919, -0.05810051]],

        [[-0.00230936, -0.07577062,  0.12056603,  0.05370479,
           0.09841602, -0.27221242,  0.0944249 , -0.13399494,
          -0.10426091,  0.07348616, -0.02568969,  0.02369937,
          -0.03380975,  0.16862807, -0.0622509 , -0.14039385,
          -0.04447945, -0.28789088,  0.19482425,  0.1242449 ,
           0.14672105,  0.03730657,  0.13679802,  0.20774163,
           0.13427435, -0.03034144,  0.06152469,  0.01413378,
          -0.1023146 ,  0.0914624 ,  0.18625937,  0.22060001]]],


       [[[ 0.06759736,  0.08827057,  0.02661321, -0.00641216,
           0.18019603, -0.1495317 , -0.1453955 ,  0.054307  ,
           0.06176539,  0.13998628, -0.25126302,  0.02424755,
           0.04235913, -0.22105393,  0.14981458, -0.02751694,
           0.13287073,  0.15185706, -0.13164537,  0.21094395,
           0.0066142 , -0.35409358,  0.1815414 ,  0.1415138 ,
          -0.09300873,  0.22123705,  0.09918953,  0.0466762 ,
           0.26209307, -0.13428672,  0.12680164, -0.23816094]],

        [[ 0.20435145,  0.05931573,  0.21702386, -0.02084922,
           0.06976218, -0.20092137, -0.17884195,  0.0339904 ,
           0.15252429, -0.0665642 , -0.12295523,  0.14915621,
           0.1960716 ,  0.04231428,  0.21163633,  0.16096005,
           0.15497018, -0.02025992, -0.0540287 ,  0.14502287,
           0.11034971, -0.3300014 ,  0.07532319,  0.11431906,
          -0.07446995,  0.00524561,  0.01067324, -0.09474165,
           0.17943384,  0.18521334, -0.03808895,  0.01753179]],

        [[ 0.02292055,  0.12447857,  0.21983093,  0.1665358 ,
           0.06497496,  0.26968154,  0.1615974 , -0.12158307,
           0.12915406, -0.23449084,  0.13235597,  0.16642891,
           0.13984305,  0.10330874,  0.13323121, -0.05904299,
           0.0288171 , -0.25524324,  0.1605451 ,  0.13790166,
           0.11584742, -0.16675092, -0.08034826,  0.16894376,
           0.10374039, -0.19143294,  0.17742358, -0.03151286,
           0.08392283,  0.11246125,  0.01897561,  0.20899735]]]],
      dtype=float32)>, <tf.Variable 'conv2d/bias:0' shape=(32,) dtype=float32, numpy=
array([ 0.04672554,  0.00123459,  0.02194829,  0.00151476,  0.00364506,
        0.05484206,  0.06218164,  0.07514275,  0.01550522,  0.07225294,
        0.01626683,  0.00299112, -0.00040881,  0.03896477, -0.00047803,
        0.06729088,  0.0011529 ,  0.04212835,  0.00980805,  0.02316217,
        0.00296839,  0.023421  ,  0.01961797,  0.00811311,  0.00880976,
        0.02567445,  0.00503127,  0.01062795,  0.02288656,  0.00553702,
        0.00634885,  0.01939394], dtype=float32)>, <tf.Variable 'ldpc__drop_connect_dense/kernel:0' shape=(5408, 128) dtype=float32, numpy=
array([[ 0.00381807,  0.02565254,  0.0033155 , ...,  0.01220469,
         0.00875257,  0.0142828 ],
       [ 0.00892172, -0.01827601, -0.0188657 , ..., -0.00883474,
        -0.02580019, -0.00700271],
       [-0.00437271, -0.02362064, -0.0361327 , ...,  0.00565676,
        -0.0116593 ,  0.02697882],
       ...,
       [ 0.01098733,  0.00236361,  0.00559253, ...,  0.02545561,
         0.02089724,  0.03068748],
       [-0.03187138, -0.00640703,  0.02773871, ...,  0.0109357 ,
         0.00832269,  0.00493284],
       [ 0.00142116,  0.02083541, -0.00209345, ...,  0.02603761,
         0.01639563,  0.030174  ]], dtype=float32)>, <tf.Variable 'ldpc__drop_connect_dense/bias:0' shape=(128,) dtype=float32, numpy=
array([ 0.0016715 , -0.0059042 , -0.00348165, -0.00648375, -0.00782154,
        0.00247495,  0.00039282,  0.00337191,  0.0100496 ,  0.00868292,
       -0.00442643,  0.00501202, -0.00388421,  0.01553326, -0.00222959,
        0.00709941, -0.00195313,  0.00082123,  0.0041661 , -0.0038532 ,
        0.01636348, -0.01126688, -0.00235208,  0.00389494, -0.00993942,
       -0.01579677,  0.00772799,  0.00229063,  0.01110331,  0.00121528,
       -0.0011344 ,  0.00462003,  0.01283193, -0.00310204,  0.00375096,
        0.00641097,  0.00569679,  0.00393063,  0.00208413, -0.00733201,
       -0.00283057,  0.01009994,  0.0057442 ,  0.00074758,  0.00756416,
        0.00490127,  0.01345478, -0.00586182,  0.01382484, -0.00324659,
        0.00452145,  0.00548322, -0.01043335, -0.00758483, -0.00056936,
        0.00259761,  0.01815002,  0.00427333,  0.01509119,  0.00515599,
        0.00932335,  0.01471122,  0.0155135 , -0.00924657,  0.01045837,
        0.00421921,  0.01890275, -0.00225596,  0.01837375, -0.0026387 ,
        0.01129632, -0.00182059,  0.01070713, -0.01430864, -0.0030831 ,
        0.00121186,  0.0130441 ,  0.00461219,  0.01206783,  0.003517  ,
        0.00341828,  0.00303885, -0.00191206,  0.00989338,  0.00313841,
        0.00368342, -0.00156198,  0.00050846,  0.00581492, -0.00249817,
        0.0028321 ,  0.00708206,  0.01617732,  0.01601482,  0.00433702,
        0.01349665,  0.01423138,  0.00490969,  0.00718451, -0.00066082,
        0.01464882,  0.00143496,  0.0193655 ,  0.01105155,  0.01256455,
        0.01619091, -0.00813296,  0.00175145, -0.00041863,  0.02114127,
        0.00671085,  0.00524791,  0.01830856, -0.001761  ,  0.01903028,
        0.00597299,  0.0050821 ,  0.008911  , -0.00096184, -0.0077399 ,
       -0.00456086,  0.00151597,  0.00844158,  0.02404847, -0.00507345,
        0.00947362, -0.00067058, -0.00196613], dtype=float32)>, <tf.Variable 'dense/kernel:0' shape=(128, 10) dtype=float32, numpy=
array([[-0.15828097, -0.11608406,  0.14518961, ...,  0.00534933,
         0.20950073, -0.02095144],
       [ 0.00367231, -0.10939723, -0.09909303, ...,  0.05255564,
         0.11167294, -0.02185481],
       [ 0.20400563, -0.10627462,  0.16322029, ..., -0.09992049,
         0.18100491,  0.0239065 ],
       ...,
       [ 0.10083194,  0.16633108, -0.04353227, ..., -0.02644547,
         0.01633629,  0.216496  ],
       [ 0.04429978, -0.04723857, -0.16749851, ...,  0.09297386,
         0.1729363 ,  0.22604014],
       [ 0.22056514, -0.0838021 ,  0.20930311, ..., -0.06212507,
         0.0527479 , -0.19049193]], dtype=float32)>, <tf.Variable 'dense/bias:0' shape=(10,) dtype=float32, numpy=
array([-0.00841574,  0.01222952,  0.00766268,  0.00631003, -0.00025833,
        0.00652175, -0.01467921,  0.0104971 , -0.0200698 , -0.0021451 ],
      dtype=float32)>] 
Epoch3: [<tf.Variable 'conv2d/kernel:0' shape=(3, 3, 1, 32) dtype=float32, numpy=
array([[[[-2.78817177e-01,  1.18679650e-01, -2.40816966e-01,
          -4.62391600e-03,  1.36586517e-01,  3.31315428e-01,
           1.63608506e-01, -1.60645425e-01,  8.85985866e-02,
          -2.33266540e-02,  2.17205793e-01,  1.55073598e-01,
           1.96415707e-01, -3.20566297e-01,  9.50687006e-02,
          -2.68182307e-01,  1.44805208e-01,  1.74181610e-01,
          -1.57701168e-02, -1.61166459e-01,  4.71822917e-02,
           2.46524960e-01,  1.03647642e-01,  2.00957712e-02,
           1.67342737e-01,  1.90472558e-01,  2.08259329e-01,
          -1.08000286e-01, -6.82338253e-02,  6.14848174e-02,
          -1.28720239e-01, -2.22055063e-01]],

        [[-2.54838884e-01, -4.38467786e-02, -1.89727038e-01,
           1.10656641e-01,  1.21058844e-01,  2.15588972e-01,
          -1.33252874e-01, -7.30629712e-02,  1.71339750e-01,
           1.06099635e-01,  1.95287034e-01,  7.74858743e-02,
          -6.97830170e-02,  9.25688520e-02,  1.57283932e-01,
          -1.93089187e-01,  3.33816893e-02,  3.55647951e-02,
          -3.90084088e-02, -2.89077014e-01,  1.73487887e-01,
           2.47089043e-01,  7.85664618e-02,  8.52621533e-03,
           8.24480504e-02, -2.07655862e-01,  3.52020897e-02,
           6.22320808e-02, -2.92635173e-01, -3.25897597e-02,
           5.30315451e-02,  6.29849359e-03]],

        [[-2.43434295e-01,  1.81576893e-01,  8.35507587e-02,
           1.26709729e-01,  1.12659693e-01, -1.54233083e-01,
          -1.53968439e-01, -8.07381645e-02,  3.94444838e-02,
           2.48839870e-01, -1.03584699e-01,  1.73953176e-01,
          -4.91912290e-02,  1.48920834e-01,  1.21025711e-01,
          -2.07327873e-01,  9.58090872e-02, -2.65177846e-01,
           5.50839342e-02, -2.70048469e-01,  1.67630404e-01,
           1.65970802e-01, -1.18003473e-01,  1.20950423e-01,
           4.03865129e-02, -6.56213462e-02, -1.05237164e-01,
           1.92508623e-01, -2.18354970e-01,  1.78432405e-01,
           2.09719269e-03,  1.57584354e-01]]],


       [[[ 5.35999499e-02,  1.03026502e-01, -2.61238486e-01,
           4.45262417e-02,  1.84899166e-01,  8.31193849e-02,
           2.30240107e-01, -1.03449663e-02, -3.32648866e-02,
          -2.36249536e-01, -2.65568681e-02,  1.11154273e-01,
           1.54595271e-01, -2.35145465e-01,  2.62006698e-03,
           5.78471050e-02,  1.74245581e-01,  1.89783096e-01,
           1.78594306e-01, -4.83296253e-02,  1.14834914e-02,
          -1.89315416e-02,  9.42826718e-02,  6.37545288e-02,
           1.75136521e-01,  1.77350014e-01,  1.54553100e-01,
           2.21847549e-01, -2.07167398e-02, -3.68683785e-02,
           1.24684788e-01, -1.97074607e-01]],

        [[ 9.57370326e-02,  1.79207891e-01, -7.12585896e-02,
           1.37693048e-01,  2.05842137e-01, -3.72845203e-01,
          -3.79526734e-01, -4.16436866e-02,  4.02559638e-02,
          -2.84394920e-01, -4.30750707e-03,  1.28384992e-01,
           1.86748192e-01,  4.88868542e-02,  1.12181708e-01,
           1.09368548e-01,  7.24569336e-02,  1.37110263e-01,
           6.80191740e-02,  8.00689384e-02,  1.77930713e-01,
           1.71879217e-01,  1.04421586e-01,  1.30681247e-01,
          -5.58815487e-02, -1.82880804e-01, -1.08310031e-02,
           1.44180045e-01,  7.34883547e-02,  9.90227610e-02,
           2.02659741e-01, -5.43725453e-02]],

        [[ 2.79692467e-04, -7.94331059e-02,  1.43162623e-01,
           5.16699031e-02,  9.90203917e-02, -2.96705127e-01,
           1.03955120e-01, -1.47309169e-01, -1.14615269e-01,
           8.69293883e-02, -2.75725108e-02,  2.27544531e-02,
          -4.23664600e-02,  1.81584626e-01, -6.88095167e-02,
          -1.48780331e-01, -5.22482470e-02, -3.14519078e-01,
           1.97256774e-01,  1.28540725e-01,  1.46542430e-01,
           4.91367131e-02,  1.36627883e-01,  2.07795858e-01,
           1.37298241e-01, -4.88606133e-02,  5.79791181e-02,
           1.12462677e-02, -1.05530128e-01,  9.06385556e-02,
           1.91855595e-01,  2.39349395e-01]]],


       [[[ 8.97651836e-02,  8.53710249e-02,  2.75283400e-02,
          -1.89904328e-02,  1.77012771e-01, -1.72394007e-01,
          -1.58493370e-01,  6.60281852e-02,  5.47746867e-02,
           1.52011096e-01, -2.69994736e-01,  1.80511698e-02,
           3.40215750e-02, -2.36536011e-01,  1.45783812e-01,
          -1.05818138e-02,  1.30574256e-01,  1.69829205e-01,
          -1.43078208e-01,  2.29581714e-01, -2.37510586e-03,
          -3.81616473e-01,  1.78842083e-01,  1.37644902e-01,
          -1.02307960e-01,  2.39474013e-01,  9.24778208e-02,
           4.66410182e-02,  2.80586302e-01, -1.45732313e-01,
           1.26163170e-01, -2.53418565e-01]],

        [[ 2.19989121e-01,  6.04864545e-02,  2.38810077e-01,
          -2.93323901e-02,  6.92384690e-02, -2.22464129e-01,
          -2.01191351e-01,  4.81352098e-02,  1.54755473e-01,
          -8.46405178e-02, -1.30046591e-01,  1.48319110e-01,
           1.97599560e-01,  4.62673157e-02,  2.13489532e-01,
           1.72612593e-01,  1.57047033e-01, -1.76710375e-02,
          -6.28195107e-02,  1.63177967e-01,  1.07364520e-01,
          -3.60720813e-01,  7.32576177e-02,  1.12468146e-01,
          -8.02389383e-02,  1.11213000e-02,  1.26493583e-02,
          -1.05669118e-01,  1.98564276e-01,  1.86793521e-01,
          -4.41989936e-02,  2.29958575e-02]],

        [[ 3.75651121e-02,  1.24609090e-01,  2.38184392e-01,
           1.62874132e-01,  6.40086606e-02,  2.92700440e-01,
           1.81937024e-01, -1.22906573e-01,  1.30404249e-01,
          -2.43263438e-01,  1.35079280e-01,  1.69493765e-01,
           1.43747851e-01,  1.12099983e-01,  1.33822426e-01,
          -5.10080718e-02,  2.81044245e-02, -2.75864094e-01,
           1.59187466e-01,  1.45718664e-01,  1.13641739e-01,
          -1.81024864e-01, -8.46408829e-02,  1.64365143e-01,
           1.07198671e-01, -1.93773389e-01,  1.84491932e-01,
          -4.54860553e-02,  9.51999128e-02,  1.11369267e-01,
           1.10932458e-02,  2.22544402e-01]]]], dtype=float32)>, <tf.Variable 'conv2d/bias:0' shape=(32,) dtype=float32, numpy=
array([ 4.8940856e-02, -3.5667612e-04,  1.7733444e-02, -3.4139070e-04,
       -9.3998715e-05,  6.0248747e-02,  6.7803726e-02,  8.2014598e-02,
        1.1552685e-02,  7.5979881e-02,  1.2249989e-02, -9.5061696e-04,
       -4.7931257e-03,  3.8641285e-02, -8.1384252e-04,  7.2449692e-02,
       -2.5806087e-04,  4.2447276e-02,  5.3068539e-03,  2.1304257e-02,
       -7.1133097e-04,  2.1915678e-02,  1.6112041e-02,  3.3475140e-03,
        3.4169366e-03,  2.4310881e-02, -1.2475744e-04,  6.7676608e-03,
        2.0724339e-02, -5.5398879e-04,  3.2854250e-03,  1.7857740e-02],
      dtype=float32)>, <tf.Variable 'ldpc__drop_connect_dense/kernel:0' shape=(5408, 128) dtype=float32, numpy=
array([[ 0.00420959,  0.02565254,  0.0033155 , ...,  0.01220469,
         0.00796826,  0.0142828 ],
       [ 0.00776859, -0.01827601, -0.0188657 , ..., -0.00883474,
        -0.02580019, -0.00832371],
       [-0.00435419, -0.02362064, -0.03699048, ...,  0.00565676,
        -0.0116593 ,  0.02527446],
       ...,
       [ 0.01098733,  0.00134057,  0.00571937, ...,  0.02527452,
         0.02089724,  0.03038104],
       [-0.03187138, -0.00776207,  0.02710078, ...,  0.0116105 ,
         0.00813365,  0.00493284],
       [ 0.00142116,  0.01953034, -0.00209345, ...,  0.02603761,
         0.01570704,  0.030174  ]], dtype=float32)>, <tf.Variable 'ldpc__drop_connect_dense/bias:0' shape=(128,) dtype=float32, numpy=
array([ 0.00207748, -0.0073566 , -0.00450028, -0.00757805, -0.00994356,
        0.00320289, -0.00016045,  0.00495198,  0.01072951,  0.01034081,
       -0.00486687,  0.00627345, -0.00485602,  0.01673817, -0.00183209,
        0.00558037, -0.00195313,  0.0001308 ,  0.00370243, -0.00459994,
        0.01810699, -0.01247826, -0.00235208,  0.00383778, -0.01334295,
       -0.01791256,  0.00773594,  0.00104381,  0.01276633, -0.00049937,
       -0.00304723,  0.00556783,  0.01465947, -0.00411734,  0.00386623,
        0.00625709,  0.00486647,  0.00421761,  0.00143735, -0.00859274,
       -0.00250215,  0.01250878,  0.00598313,  0.00028606,  0.00784557,
        0.00568648,  0.01469695, -0.00751101,  0.01641992, -0.00426824,
        0.00480183,  0.00697829, -0.01155522, -0.00837028, -0.0020347 ,
        0.00265115,  0.01893541,  0.00437618,  0.01552266,  0.00437883,
        0.01100913,  0.0158923 ,  0.01676145, -0.01068221,  0.01157635,
        0.00494931,  0.01906293, -0.00225596,  0.02040545, -0.0037535 ,
        0.01210007, -0.00163104,  0.0116856 , -0.01632811, -0.0030831 ,
        0.00091575,  0.01385718,  0.00584154,  0.0144555 ,  0.00392081,
        0.00320308,  0.00279961, -0.00242498,  0.00992908,  0.00239424,
        0.00329851, -0.00169157, -0.00184928,  0.00661432, -0.00286631,
        0.0019106 ,  0.00906625,  0.01663985,  0.01609024,  0.0045327 ,
        0.0138367 ,  0.0155737 ,  0.00481771,  0.00715263, -0.00012996,
        0.01552619,  0.00188389,  0.02032613,  0.01208699,  0.01379495,
        0.01891844, -0.0089048 ,  0.0027099 , -0.00079156,  0.02304596,
        0.00830592,  0.00727542,  0.01887344, -0.00112206,  0.02082134,
        0.00544442,  0.00557971,  0.00949482, -0.00147176, -0.00826461,
       -0.00456086,  0.00204956,  0.00896598,  0.02676819, -0.00544098,
        0.01024626, -0.0014612 , -0.00374674], dtype=float32)>, <tf.Variable 'dense/kernel:0' shape=(128, 10) dtype=float32, numpy=
array([[-0.16348775, -0.12379963,  0.1484077 , ...,  0.00963132,
         0.21272063, -0.01917552],
       [ 0.00034018, -0.12046108, -0.10421603, ...,  0.05332576,
         0.1160754 , -0.02363592],
       [ 0.20478757, -0.1123999 ,  0.16779132, ..., -0.10336894,
         0.18251994,  0.02505089],
       ...,
       [ 0.11043063,  0.16349389, -0.04042177, ..., -0.03097753,
         0.01198845,  0.2284905 ],
       [ 0.04065285, -0.05441064, -0.16971517, ...,  0.09336278,
         0.17616159,  0.22829816],
       [ 0.2313874 , -0.07653186,  0.22440973, ..., -0.06450146,
         0.0527047 , -0.2128317 ]], dtype=float32)>, <tf.Variable 'dense/bias:0' shape=(10,) dtype=float32, numpy=
array([-0.00885387,  0.0133546 ,  0.00928418,  0.00621517, -0.00103096,
        0.00733736, -0.01700114,  0.0126315 , -0.02203573, -0.00243129],
      dtype=float32)>] 
Epoch4: [<tf.Variable 'conv2d/kernel:0' shape=(3, 3, 1, 32) dtype=float32, numpy=
array([[[[-0.30340397,  0.11470104, -0.26381317, -0.0046351 ,
           0.13040748,  0.34958428,  0.18005323, -0.17502289,
           0.08579136, -0.02147453,  0.22719596,  0.15564498,
           0.19558069, -0.33828467,  0.09183332, -0.28740257,
           0.14054887,  0.18364754, -0.01347803, -0.17434074,
           0.04295519,  0.2564273 ,  0.09851784,  0.01380573,
           0.16717944,  0.1976048 ,  0.21119359, -0.12097972,
          -0.06863749,  0.06056526, -0.1382974 , -0.23435143]],

        [[-0.2752198 , -0.04762468, -0.21022734,  0.11517162,
           0.11940662,  0.23127326, -0.13812405, -0.0921347 ,
           0.17304558,  0.12063509,  0.2041588 ,  0.07871314,
          -0.07993972,  0.09705359,  0.15685731, -0.21467982,
           0.03180062,  0.04258647, -0.03650896, -0.3027008 ,
           0.17305014,  0.25922212,  0.0730268 ,  0.00328526,
           0.082629  , -0.21439126,  0.0308682 ,  0.06099078,
          -0.3068132 , -0.03258251,  0.04903018,  0.00384202]],

        [[-0.26052222,  0.17655894,  0.08307221,  0.12515903,
           0.11195023, -0.16003442, -0.17150873, -0.09003146,
           0.03212758,  0.26967865, -0.10300784,  0.17192578,
          -0.06950282,  0.1592344 ,  0.11509284, -0.2324759 ,
           0.09274255, -0.27781957,  0.05121933, -0.28292218,
           0.1634055 ,  0.1816337 , -0.12738486,  0.11499118,
           0.03850006, -0.07803369, -0.11867844,  0.19469222,
          -0.23425879,  0.17460239,  0.00303048,  0.16762283]]],


       [[[ 0.06124584,  0.10431653, -0.28601474,  0.04325577,
           0.18425262,  0.09136401,  0.24023055, -0.00264145,
          -0.04273804, -0.25447673, -0.02466487,  0.1104861 ,
           0.15581213, -0.2528072 , -0.00361735,  0.07099967,
           0.17480975,  0.20074789,  0.18136524, -0.04622387,
           0.00501933, -0.01568905,  0.0920487 ,  0.06072379,
           0.17512624,  0.1935182 ,  0.15662861,  0.22621523,
          -0.00928471, -0.04619387,  0.12702954, -0.21707454]],

        [[ 0.10342881,  0.18139207, -0.06875049,  0.14115398,
           0.20948406, -0.4034036 , -0.41585776, -0.03934021,
           0.03882624, -0.3071999 , -0.00321569,  0.1292039 ,
           0.18890624,  0.05423232,  0.11160503,  0.12006804,
           0.07320132,  0.14260057,  0.07323359,  0.0874901 ,
           0.1793462 ,  0.17725523,  0.10480122,  0.13064985,
          -0.05428831, -0.18567349, -0.00894606,  0.14755161,
           0.07647574,  0.09823438,  0.20927875, -0.05403665]],

        [[ 0.00208768, -0.0848755 ,  0.1621151 ,  0.04915443,
           0.09824482, -0.3167957 ,  0.11011384, -0.16027336,
          -0.12359965,  0.09512762, -0.02877851,  0.02275613,
          -0.04962437,  0.19078085, -0.07684584, -0.15607052,
          -0.05862437, -0.33194   ,  0.20016234,  0.1329454 ,
           0.14558636,  0.05829519,  0.13561298,  0.20832174,
           0.14011383, -0.06182743,  0.0546808 ,  0.00808736,
          -0.10846652,  0.08951911,  0.19736536,  0.25216118]]],


       [[[ 0.10664494,  0.0817008 ,  0.02807417, -0.030932  ,
           0.17327435, -0.19314025, -0.17089224,  0.07705478,
           0.04492687,  0.16185905, -0.28246823,  0.01257919,
           0.02598421, -0.24955836,  0.14238049,  0.00368603,
           0.12831905,  0.18398042, -0.15274604,  0.2447852 ,
          -0.01141284, -0.40156627,  0.17634496,  0.13390279,
          -0.10996065,  0.25414756,  0.08772995,  0.04752012,
           0.2950809 , -0.1568195 ,  0.124933  , -0.266588  ]],

        [[ 0.2319526 ,  0.06077394,  0.2564422 , -0.03805114,
           0.06812105, -0.2370594 , -0.21510148,  0.05988965,
           0.15645286, -0.09884598, -0.13373202,  0.1482631 ,
           0.20011482,  0.04779641,  0.21618424,  0.18236656,
           0.15969437, -0.0149822 , -0.07035962,  0.17762844,
           0.10473667, -0.38316515,  0.07218576,  0.11164781,
          -0.08490294,  0.01747818,  0.01597847, -0.11418472,
           0.21291578,  0.18781768, -0.05014007,  0.02511272]],

        [[ 0.04826245,  0.12408822,  0.25389174,  0.15923245,
           0.06234771,  0.31287974,  0.19856836, -0.12393785,
           0.13258205, -0.25090846,  0.1375466 ,  0.17389458,
           0.14794847,  0.11777639,  0.13458286, -0.0438326 ,
           0.02805472, -0.28940597,  0.15944876,  0.15229474,
           0.11198711, -0.19119994, -0.08769988,  0.16252282,
           0.11035088, -0.19271834,  0.19096535, -0.05701297,
           0.10263164,  0.10996463,  0.00438165,  0.2313682 ]]]],
      dtype=float32)>, <tf.Variable 'conv2d/bias:0' shape=(32,) dtype=float32, numpy=
array([ 5.07892966e-02, -1.79965771e-03,  1.33215375e-02, -1.59036135e-03,
       -1.29640591e-03,  6.38856143e-02,  7.23369792e-02,  8.80681798e-02,
        6.73599122e-03,  7.85669759e-02,  7.92514067e-03, -4.17738687e-03,
       -1.21859908e-02,  3.80377062e-02, -2.02690740e-03,  7.68821537e-02,
       -2.12199893e-03,  4.20749858e-02, -2.00452560e-04,  2.01699641e-02,
       -3.03517655e-03,  1.99612025e-02,  1.21471547e-02, -6.60890830e-04,
       -9.74247669e-05,  2.17183232e-02, -3.08800349e-03,  2.54151062e-03,
        1.88092105e-02, -4.07432159e-03, -2.33842176e-04,  1.55290905e-02],
      dtype=float32)>, <tf.Variable 'ldpc__drop_connect_dense/kernel:0' shape=(5408, 128) dtype=float32, numpy=
array([[ 0.00348214,  0.02565254,  0.0033155 , ...,  0.01220469,
         0.00700781,  0.0142828 ],
       [ 0.0065597 , -0.01827601, -0.0188657 , ..., -0.00883474,
        -0.02580019, -0.00828774],
       [-0.00516001, -0.02362064, -0.03737818, ...,  0.00565676,
        -0.0116593 ,  0.0242838 ],
       ...,
       [ 0.01098733,  0.00077915,  0.00611434, ...,  0.02529352,
         0.02089724,  0.0322762 ],
       [-0.03187138, -0.00857515,  0.02710436, ...,  0.01269893,
         0.00832661,  0.00493284],
       [ 0.00142116,  0.0170929 , -0.00209345, ...,  0.02603761,
         0.01500144,  0.030174  ]], dtype=float32)>, <tf.Variable 'ldpc__drop_connect_dense/bias:0' shape=(128,) dtype=float32, numpy=
array([ 1.42808538e-03, -9.89776850e-03, -5.06122783e-03, -9.81262047e-03,
       -1.28826508e-02,  3.05528659e-03, -3.94506496e-05,  4.08066669e-03,
        1.24593573e-02,  1.25318635e-02, -5.52058965e-03,  5.80930058e-03,
       -4.80848085e-03,  1.80784762e-02, -2.70764367e-03,  6.16537035e-03,
       -1.95312570e-03,  9.27419984e-04,  4.19098558e-03, -5.71117830e-03,
        1.91696603e-02, -1.36117591e-02, -2.35207588e-03,  2.94263102e-03,
       -1.48289977e-02, -1.96784548e-02,  7.24580698e-03, -4.32498433e-04,
        1.25921266e-02, -8.54025478e-04, -4.89165634e-03,  4.72612213e-03,
        1.51954349e-02, -4.47646808e-03,  4.10768390e-03,  6.61562616e-03,
        4.35752561e-03,  4.19795653e-03,  6.36297802e-04, -9.92726441e-03,
       -3.66260041e-03,  1.20056225e-02,  6.59151422e-03,  3.59625294e-04,
        8.05690978e-03,  5.11237374e-03,  1.49219781e-02, -8.44209362e-03,
        1.83118600e-02, -4.33989428e-03,  3.85102956e-03,  6.72917627e-03,
       -1.40139917e-02, -9.31162573e-03, -2.88081728e-03,  1.95199589e-03,
        2.00865064e-02,  3.52525711e-03,  1.73844323e-02,  4.89809038e-03,
        1.18633518e-02,  1.69953126e-02,  1.76429767e-02, -1.27650220e-02,
        1.28525160e-02,  5.21400059e-03,  2.13498529e-02, -2.25596339e-03,
        2.13702247e-02, -5.45526063e-03,  1.26258209e-02, -1.47778587e-03,
        1.29768476e-02, -1.81447342e-02, -3.08309845e-03,  4.65729652e-04,
        1.42748794e-02,  5.97084500e-03,  1.56059777e-02,  4.09982540e-03,
        3.30584263e-03,  2.05833907e-03, -3.12616141e-03,  8.36168509e-03,
       -8.09517223e-05,  2.16523116e-03, -3.08918743e-03, -2.55098077e-03,
        7.26727862e-03, -3.30221304e-03,  2.10011913e-03,  8.49926751e-03,
        1.89330466e-02,  1.92686934e-02,  4.71361261e-03,  1.54621331e-02,
        1.61446575e-02,  4.11730027e-03,  7.54704559e-03, -6.92840840e-04,
        1.70901325e-02,  2.54388340e-03,  2.21089683e-02,  1.20210024e-02,
        1.52305355e-02,  2.07914244e-02, -1.02670761e-02,  1.40374945e-03,
       -1.11144525e-03,  2.62398850e-02,  7.86835980e-03,  5.57144964e-03,
        2.12556068e-02, -1.00280775e-03,  2.35942937e-02,  6.79527922e-03,
        5.34963422e-03,  8.61870777e-03, -2.66168755e-03, -8.96609668e-03,
       -4.56085894e-03,  1.56497979e-03,  9.27813351e-03,  3.02524641e-02,
       -8.25420395e-03,  1.32981762e-02, -2.42219609e-03, -4.87197796e-03],
      dtype=float32)>, <tf.Variable 'dense/kernel:0' shape=(128, 10) dtype=float32, numpy=
array([[-0.1666656 , -0.12749562,  0.15129271, ...,  0.0129155 ,
         0.21475485, -0.0175212 ],
       [-0.00213976, -0.12762305, -0.10877819, ...,  0.05325751,
         0.11969636, -0.0248623 ],
       [ 0.20552222, -0.11798873,  0.17247896, ..., -0.11012569,
         0.18459538,  0.02627186],
       ...,
       [ 0.11886688,  0.16489959, -0.03231139, ..., -0.03712419,
         0.00612573,  0.24076754],
       [ 0.03734256, -0.05808587, -0.17170946, ...,  0.09308261,
         0.17818628,  0.23039724],
       [ 0.24482155, -0.07016851,  0.23853461, ..., -0.0676818 ,
         0.0496296 , -0.23401861]], dtype=float32)>, <tf.Variable 'dense/bias:0' shape=(10,) dtype=float32, numpy=
array([-0.00905122,  0.01683541,  0.0111586 ,  0.00621436, -0.00188797,
        0.00814861, -0.01934654,  0.01259892, -0.02425888, -0.00253521],
      dtype=float32)>] 
Epoch5: [<tf.Variable 'conv2d/kernel:0' shape=(3, 3, 1, 32) dtype=float32, numpy=
array([[[[-0.32582024,  0.11341736, -0.28498936, -0.00314729,
           0.12663771,  0.36526528,  0.19280733, -0.19169685,
           0.08470035, -0.02206325,  0.2349701 ,  0.15738997,
           0.19552569, -0.3508006 ,  0.08895433, -0.30754215,
           0.13848385,  0.19062793, -0.01116062, -0.1876078 ,
           0.04020146,  0.26366556,  0.09203345,  0.00791788,
           0.16870764,  0.20211095,  0.21483767, -0.12950821,
          -0.06870607,  0.06042704, -0.14598705, -0.24233133]],

        [[-0.2919389 , -0.04986528, -0.22816037,  0.11991757,
           0.11891671,  0.24481939, -0.14081413, -0.11405987,
           0.17651787,  0.13209023,  0.21062082,  0.08168614,
          -0.09040748,  0.10229367,  0.15659992, -0.23537378,
           0.03077045,  0.04810533, -0.0347505 , -0.3156683 ,
           0.1734983 ,  0.26813594,  0.06659824, -0.00315658,
           0.08357669, -0.22180758,  0.02646818,  0.06122555,
          -0.3194435 , -0.03179893,  0.04670688,  0.00257608]],

        [[-0.27380466,  0.17451054,  0.08239919,  0.12400308,
           0.11183415, -0.16455576, -0.1876854 , -0.09898044,
           0.02532427,  0.28733075, -0.10376919,  0.17218299,
          -0.09015541,  0.16826233,  0.11002685, -0.25432518,
           0.09031571, -0.2869487 ,  0.0471339 , -0.2930476 ,
           0.15945755,  0.1932407 , -0.1363621 ,  0.10806372,
           0.03713826, -0.08833728, -0.13132311,  0.19730082,
          -0.25004682,  0.17154187,  0.00416203,  0.17682017]]],


       [[[ 0.06487798,  0.10952186, -0.30502397,  0.04530993,
           0.18752497,  0.09812317,  0.24621722,  0.00101552,
          -0.04803326, -0.27029896, -0.02352464,  0.11244174,
           0.15903701, -0.2649379 , -0.00733963,  0.07926337,
           0.17913713,  0.2085621 ,  0.1842933 , -0.04738614,
           0.00254915, -0.01424742,  0.09138402,  0.06010974,
           0.17707631,  0.20610696,  0.1600771 ,  0.23277932,
          -0.00133457, -0.05213463,  0.13162269, -0.23103435]],

        [[ 0.10838371,  0.1853761 , -0.06436569,  0.14686707,
           0.21556054, -0.42953816, -0.44767678, -0.04016399,
           0.04001988, -0.3253845 , -0.00274219,  0.13210154,
           0.19140378,  0.06034839,  0.11257799,  0.1272765 ,
           0.07599   ,  0.14605711,  0.07798392,  0.09131775,
           0.18334126,  0.18035553,  0.10604131,  0.13234062,
          -0.0514926 , -0.18881421, -0.00693813,  0.15216495,
           0.07638118,  0.09963802,  0.21668918, -0.05208684]],

        [[ 0.00265917, -0.08695385,  0.17940585,  0.04901745,
           0.10031892, -0.334151  ,  0.11375989, -0.17649421,
          -0.13228072,  0.10337461, -0.02988252,  0.02419543,
          -0.05761511,  0.19979072, -0.08299412, -0.16475536,
          -0.06300357, -0.3458671 ,  0.20289195,  0.13592307,
           0.14629498,  0.06454643,  0.13621797,  0.20954591,
           0.14348316, -0.07111831,  0.05179273,  0.006291  ,
          -0.11449681,  0.08983098,  0.20285322,  0.2647876 ]]],


       [[[ 0.11834799,  0.08150288,  0.03176662, -0.03961172,
           0.1740133 , -0.21023482, -0.18347184,  0.08424006,
           0.0392285 ,  0.16952541, -0.29254794,  0.01067579,
           0.02054377, -0.258917  ,  0.14252177,  0.01387534,
           0.1291863 ,  0.19412474, -0.16073184,  0.25535253,
          -0.01661221, -0.41914904,  0.17579758,  0.13319013,
          -0.11491124,  0.26582772,  0.08491176,  0.05037962,
           0.3052664 , -0.16418298,  0.12597457, -0.27457273]],

        [[ 0.24047138,  0.06214154,  0.2752501 , -0.04389644,
           0.06893466, -0.25094175, -0.22669181,  0.06721802,
           0.15966265, -0.10923834, -0.13664864,  0.14969923,
           0.20289263,  0.05007457,  0.22025968,  0.18870841,
           0.16388166, -0.01380408, -0.07655364,  0.18817624,
           0.10367704, -0.40379703,  0.07120924,  0.11254008,
          -0.08786699,  0.02251597,  0.01824359, -0.12057654,
           0.22233449,  0.19091982, -0.05541334,  0.02883568]],

        [[ 0.05604625,  0.12492509,  0.26982963,  0.15879562,
           0.06251708,  0.32903934,  0.21204653, -0.12696594,
           0.13385177, -0.2555562 ,  0.14020923,  0.17773701,
           0.15019263,  0.12350066,  0.13658006, -0.03953482,
           0.02823693, -0.2999104 ,  0.16024357,  0.15698087,
           0.1108359 , -0.20039137, -0.09165473,  0.1613998 ,
           0.11412684, -0.19152199,  0.1962762 , -0.06641231,
           0.10575534,  0.10979112, -0.00274688,  0.24096182]]]],
      dtype=float32)>, <tf.Variable 'conv2d/bias:0' shape=(32,) dtype=float32, numpy=
array([ 0.05217155, -0.00164068,  0.00918317, -0.00261335, -0.00239469,
        0.06675567,  0.07572388,  0.09315135,  0.00202869,  0.080889  ,
        0.00429446, -0.00872905, -0.01959783,  0.03732973, -0.00427774,
        0.08055862, -0.00126131,  0.04165157, -0.00133266,  0.01877253,
       -0.00700727,  0.01797277,  0.00825388, -0.00119265, -0.00078695,
        0.01928054, -0.00558838, -0.0006009 ,  0.01657734, -0.0071589 ,
       -0.00062152,  0.01369938], dtype=float32)>, <tf.Variable 'ldpc__drop_connect_dense/kernel:0' shape=(5408, 128) dtype=float32, numpy=
array([[ 0.00220155,  0.02565254,  0.0033155 , ...,  0.01220469,
         0.00663775,  0.0142828 ],
       [ 0.00396366, -0.01827601, -0.0188657 , ..., -0.00883474,
        -0.02580019, -0.0082162 ],
       [-0.00665232, -0.02362064, -0.03817674, ...,  0.00565676,
        -0.0116593 ,  0.02371352],
       ...,
       [ 0.01098733, -0.00067911,  0.00624569, ...,  0.02476986,
         0.02089724,  0.03421988],
       [-0.03187138, -0.00855481,  0.02677344, ...,  0.01253553,
         0.00889593,  0.00493284],
       [ 0.00142116,  0.01579416, -0.00209345, ...,  0.02603761,
         0.01478121,  0.030174  ]], dtype=float32)>, <tf.Variable 'ldpc__drop_connect_dense/bias:0' shape=(128,) dtype=float32, numpy=
array([ 0.00021386, -0.01125262, -0.00623218, -0.01149951, -0.01516355,
        0.00383234, -0.00078273,  0.00292455,  0.01273911,  0.01483169,
       -0.00643397,  0.00585511, -0.00592337,  0.0197462 , -0.00428455,
        0.00784952, -0.00195313,  0.00065284,  0.00472333, -0.00645758,
        0.02082593, -0.01421545, -0.00235208,  0.00293009, -0.01677527,
       -0.02139961,  0.00753972, -0.00221636,  0.01308687, -0.00212659,
       -0.00616472,  0.00496449,  0.01653593, -0.0036843 ,  0.00456532,
        0.00668532,  0.00398405,  0.00414272, -0.00052647, -0.01142852,
       -0.00437035,  0.01199682,  0.00610773, -0.00026368,  0.00829806,
        0.00466266,  0.01504777, -0.00955191,  0.02105956, -0.00414288,
        0.00144193,  0.00582543, -0.01513875, -0.01039786, -0.00312012,
        0.00235767,  0.02016995,  0.00177269,  0.01836471,  0.0039746 ,
        0.01221705,  0.01842148,  0.01884507, -0.01423246,  0.0142274 ,
        0.00625006,  0.02287618, -0.00225596,  0.02234715, -0.00761   ,
        0.01336536, -0.00181949,  0.01411736, -0.019307  , -0.0030831 ,
        0.00012981,  0.0159092 ,  0.00693196,  0.01675473,  0.00369008,
        0.00336294,  0.00228831, -0.00156746,  0.00785019, -0.00254758,
        0.00176739, -0.00299472, -0.00192374,  0.00811843, -0.00459999,
        0.00278173,  0.00794928,  0.01938231,  0.01940927,  0.0044461 ,
        0.01661177,  0.01648874,  0.00335555,  0.00806993, -0.0010857 ,
        0.0188513 ,  0.00434411,  0.02368705,  0.01425557,  0.01639666,
        0.0230287 , -0.01115002,  0.00119557, -0.00103438,  0.02866229,
        0.00925683,  0.00474064,  0.02214249, -0.00075743,  0.02533001,
        0.00686237,  0.00494523,  0.00832513, -0.0041154 , -0.00929492,
       -0.00456086,  0.00111993,  0.0100818 ,  0.03280079, -0.01014987,
        0.01316442, -0.00281918, -0.00532523], dtype=float32)>, <tf.Variable 'dense/kernel:0' shape=(128, 10) dtype=float32, numpy=
array([[-0.1687358 , -0.13210166,  0.15356171, ...,  0.01668616,
         0.21707594, -0.01694139],
       [-0.00446115, -0.13500251, -0.11372294, ...,  0.0534208 ,
         0.12336805, -0.02628503],
       [ 0.20686157, -0.12243691,  0.17659333, ..., -0.11770144,
         0.18592031,  0.02724963],
       ...,
       [ 0.12673257,  0.16482118, -0.02798717, ..., -0.04084499,
         0.00156413,  0.24972741],
       [ 0.03482667, -0.06248761, -0.17377813, ...,  0.0932553 ,
         0.18065038,  0.23204698],
       [ 0.25365385, -0.06668525,  0.25121439, ..., -0.07000459,
         0.04913447, -0.25166413]], dtype=float32)>, <tf.Variable 'dense/bias:0' shape=(10,) dtype=float32, numpy=
array([-0.0084974 ,  0.01990062,  0.01204968,  0.0066512 , -0.00309144,
        0.00848671, -0.02104796,  0.01287892, -0.02581641, -0.00313435],
      dtype=float32)>] 
Epoch6: [<tf.Variable 'conv2d/kernel:0' shape=(3, 3, 1, 32) dtype=float32, numpy=
array([[[[-3.42825145e-01,  1.12777516e-01, -3.06014150e-01,
          -4.68889484e-04,  1.25014678e-01,  3.79384279e-01,
           2.03835070e-01, -2.05087528e-01,  8.55114311e-02,
          -2.18012575e-02,  2.41444916e-01,  1.60156891e-01,
           1.96500838e-01, -3.63771856e-01,  8.81112441e-02,
          -3.25856537e-01,  1.37879521e-01,  1.96950898e-01,
          -8.75652861e-03, -1.96495935e-01,  3.96335609e-02,
           2.70563036e-01,  8.95429254e-02,  5.40134078e-03,
           1.69874951e-01,  2.06269071e-01,  2.19319344e-01,
          -1.37454346e-01, -6.66028708e-02,  6.19584583e-02,
          -1.51540965e-01, -2.51066059e-01]],

        [[-3.03523302e-01, -5.17517030e-02, -2.44074866e-01,
           1.25483200e-01,  1.19221792e-01,  2.57077932e-01,
          -1.43556014e-01, -1.33609831e-01,  1.80910334e-01,
           1.41301766e-01,  2.16028288e-01,  8.38411897e-02,
          -1.01085655e-01,  1.04924142e-01,  1.57651827e-01,
          -2.53546178e-01,  3.08713764e-02,  5.29641882e-02,
          -3.28885056e-02, -3.24421108e-01,  1.75912634e-01,
           2.76803285e-01,  6.14540018e-02, -6.92451093e-03,
           8.41338187e-02, -2.28145137e-01,  2.29274686e-02,
           6.17020689e-02, -3.27880472e-01, -3.01801432e-02,
           4.60375138e-02, -1.34695016e-04]],

        [[-2.84223586e-01,  1.73826918e-01,  8.36800784e-02,
           1.24909177e-01,  1.13357611e-01, -1.66680798e-01,
          -2.01149747e-01, -1.07756875e-01,  2.01299321e-02,
           3.01750809e-01, -1.04313061e-01,  1.72538087e-01,
          -1.10184416e-01,  1.74443841e-01,  1.07464783e-01,
          -2.75282115e-01,  8.89736414e-02, -2.94373900e-01,
           4.52267341e-02, -3.00076276e-01,  1.58825651e-01,
           2.04454571e-01, -1.46561265e-01,  1.06127053e-01,
           3.63014787e-02, -9.69491154e-02, -1.43250093e-01,
           2.00238690e-01, -2.62397289e-01,  1.70181885e-01,
           6.82470854e-03,  1.83206648e-01]]],


       [[[ 6.87317327e-02,  1.13716669e-01, -3.22126985e-01,
           4.70957421e-02,  1.89607501e-01,  1.06022388e-01,
           2.52092421e-01,  5.13104675e-03, -5.27220294e-02,
          -2.82909036e-01, -2.29240209e-02,  1.14315435e-01,
           1.61473572e-01, -2.77573735e-01, -1.00466860e-02,
           8.58159065e-02,  1.83245391e-01,  2.15578794e-01,
           1.88561231e-01, -4.67284210e-02,  1.32269430e-04,
          -1.21059297e-02,  9.21057165e-02,  6.20055050e-02,
           1.78339213e-01,  2.17083782e-01,  1.63234606e-01,
           2.38367498e-01,  7.36140134e-03, -5.66504970e-02,
           1.36128455e-01, -2.46163562e-01]],

        [[ 1.13227129e-01,  1.88613236e-01, -6.08662069e-02,
           1.51685536e-01,  2.19221517e-01, -4.48174924e-01,
          -4.75049198e-01, -4.18706089e-02,  4.17275578e-02,
          -3.40193838e-01, -2.06125830e-03,  1.32997066e-01,
           1.92592010e-01,  6.30537644e-02,  1.13673396e-01,
           1.32894814e-01,  7.79441297e-02,  1.48702517e-01,
           8.31216946e-02,  9.57380831e-02,  1.86833501e-01,
           1.85356066e-01,  1.07071623e-01,  1.35036871e-01,
          -4.98979650e-02, -1.91876277e-01, -4.80060931e-03,
           1.55940235e-01,  7.77793825e-02,  1.01407409e-01,
           2.24105284e-01, -5.32947630e-02]],

        [[ 3.51128238e-03, -8.81277099e-02,  1.94744721e-01,
           4.98149358e-02,  1.01818390e-01, -3.47301662e-01,
           1.17079295e-01, -1.92418605e-01, -1.39561996e-01,
           1.09650075e-01, -2.99788825e-02,  2.53130198e-02,
          -6.51318282e-02,  2.05770224e-01, -8.83774981e-02,
          -1.72359437e-01, -6.64718896e-02, -3.58494818e-01,
           2.07056329e-01,  1.39914706e-01,  1.47809997e-01,
           7.24026114e-02,  1.36737138e-01,  2.14227870e-01,
           1.46758303e-01, -7.88077787e-02,  4.96510006e-02,
           5.42367855e-03, -1.18669160e-01,  9.07214656e-02,
           2.09260419e-01,  2.73855984e-01]]],


       [[[ 1.28440514e-01,  8.01534653e-02,  3.52209210e-02,
          -4.77859713e-02,  1.73021451e-01, -2.23182723e-01,
          -1.95098713e-01,  8.97991136e-02,  3.30781303e-02,
           1.76908299e-01, -3.01884949e-01,  8.25152174e-03,
           1.46382255e-02, -2.68050253e-01,  1.42562851e-01,
           2.17423886e-02,  1.29685581e-01,  2.03025416e-01,
          -1.66326135e-01,  2.64700323e-01, -2.21459940e-02,
          -4.32778597e-01,  1.74697235e-01,  1.33565858e-01,
          -1.19882636e-01,  2.75972456e-01,  8.18226784e-02,
           5.26348390e-02,  3.15090388e-01, -1.70730203e-01,
           1.26398340e-01, -2.82909393e-01]],

        [[ 2.48026416e-01,  6.24098890e-02,  2.91265100e-01,
          -4.96510416e-02,  6.73915222e-02, -2.60346770e-01,
          -2.36905769e-01,  7.14240521e-02,  1.61421344e-01,
          -1.17344968e-01, -1.39266655e-01,  1.49178520e-01,
           2.04498366e-01,  5.00649698e-02,  2.22900316e-01,
           1.93689674e-01,  1.66931868e-01, -1.28655452e-02,
          -8.12200606e-02,  1.97706088e-01,  1.01645119e-01,
          -4.17425007e-01,  7.01566711e-02,  1.13525108e-01,
          -9.13384259e-02,  2.70019583e-02,  1.99488141e-02,
          -1.26191348e-01,  2.31488168e-01,  1.93397149e-01,
          -5.96643351e-02,  2.99737584e-02]],

        [[ 6.29816726e-02,  1.26428217e-01,  2.83866227e-01,
           1.58339143e-01,  6.13166168e-02,  3.42546701e-01,
           2.22591460e-01, -1.31764665e-01,  1.35252893e-01,
          -2.59623498e-01,  1.43043607e-01,  1.80719405e-01,
           1.52164876e-01,  1.26555890e-01,  1.37441456e-01,
          -3.60002071e-02,  2.91331578e-02, -3.08950067e-01,
           1.61958247e-01,  1.62108958e-01,  1.09609231e-01,
          -2.04866692e-01, -9.43672359e-02,  1.62204012e-01,
           1.17284842e-01, -1.90544918e-01,  2.01434687e-01,
          -7.41529167e-02,  1.09030768e-01,  1.09251432e-01,
          -7.74359051e-03,  2.47319862e-01]]]], dtype=float32)>, <tf.Variable 'conv2d/bias:0' shape=(32,) dtype=float32, numpy=
array([ 5.25824949e-02, -1.31783658e-03,  5.44286473e-03, -1.45783147e-03,
       -2.58762296e-03,  6.93887994e-02,  7.79779702e-02,  9.55130458e-02,
       -1.11320091e-03,  8.14580619e-02,  2.08436977e-03, -1.32024912e-02,
       -2.56124344e-02,  3.58607285e-02, -5.75570809e-03,  8.18825364e-02,
       -1.35028420e-03,  4.07028347e-02,  3.96770629e-04,  1.74584333e-02,
       -8.76790099e-03,  1.65805537e-02,  4.04248340e-03, -8.25203839e-04,
       -3.79172649e-04,  1.75366960e-02, -7.71244382e-03,  7.08747466e-05,
        1.51345795e-02, -7.98218884e-03,  7.79539405e-05,  1.16267055e-02],
      dtype=float32)>, <tf.Variable 'ldpc__drop_connect_dense/kernel:0' shape=(5408, 128) dtype=float32, numpy=
array([[ 0.00189975,  0.02565254,  0.0033155 , ...,  0.01220469,
         0.00729327,  0.0142828 ],
       [ 0.00116159, -0.01827601, -0.0188657 , ..., -0.00883474,
        -0.02580019, -0.00831733],
       [-0.00718115, -0.02362064, -0.03908526, ...,  0.00565676,
        -0.0116593 ,  0.02320889],
       ...,
       [ 0.01098733, -0.00281621,  0.0058499 , ...,  0.02345398,
         0.02089724,  0.03793162],
       [-0.03187138, -0.00899264,  0.02672577, ...,  0.01193074,
         0.00712313,  0.00493284],
       [ 0.00142116,  0.01462818, -0.00209345, ...,  0.02603761,
         0.01537958,  0.030174  ]], dtype=float32)>, <tf.Variable 'ldpc__drop_connect_dense/bias:0' shape=(128,) dtype=float32, numpy=
array([-5.59208092e-05, -1.24103129e-02, -7.70311244e-03, -1.26427552e-02,
       -1.58495400e-02,  4.27960046e-03, -8.51064047e-04,  2.83256685e-03,
        1.32673634e-02,  1.54428789e-02, -6.18203310e-03,  4.66177752e-03,
       -6.93236571e-03,  2.10343711e-02, -5.68315573e-03,  8.09086114e-03,
       -1.95312570e-03,  7.60225987e-04,  3.63505515e-03, -6.52722456e-03,
        2.17543412e-02, -1.42397080e-02, -2.35207588e-03,  2.28467421e-03,
       -1.80077367e-02, -2.26863548e-02,  6.38304884e-03, -3.77231603e-03,
        1.40836360e-02, -4.33509704e-03, -4.83965408e-03,  4.79008164e-03,
        1.73578691e-02, -3.97551525e-03,  4.77619749e-03,  6.27639471e-03,
        2.86977389e-03,  4.28484846e-03, -1.21597876e-03, -1.15483701e-02,
       -4.71901894e-03,  1.12334443e-02,  6.42725127e-03, -2.34733452e-04,
        8.84414930e-03,  4.12615016e-03,  1.46154016e-02, -1.02895880e-02,
        2.20675115e-02, -3.78372520e-03,  1.42489711e-03,  6.40618196e-03,
       -1.62533075e-02, -1.09966956e-02, -3.49474861e-03,  2.30160356e-03,
        2.10661292e-02,  2.14598072e-03,  1.67043302e-02,  4.22957214e-03,
        1.25116864e-02,  1.80152953e-02,  1.76822767e-02, -1.49130728e-02,
        1.38710616e-02,  6.01828983e-03,  2.31700260e-02, -2.25596339e-03,
        2.36832295e-02, -8.87402892e-03,  1.37586594e-02, -1.17728952e-03,
        1.46207763e-02, -1.92642957e-02, -3.08309845e-03, -2.02625466e-04,
        1.57857426e-02,  7.67183863e-03,  1.82175301e-02,  3.75535339e-03,
        3.42560769e-03,  1.48280943e-03, -1.32116966e-03,  7.17938319e-03,
       -3.46208434e-03,  1.54569716e-04, -3.10803484e-03, -3.08746332e-03,
        9.02869366e-03, -4.87800036e-03,  2.69424240e-03,  8.18802603e-03,
        2.10152417e-02,  1.91312134e-02,  3.33227357e-03,  1.73010118e-02,
        1.67242438e-02,  2.14571715e-03,  8.56459979e-03, -5.38188964e-04,
        1.83226597e-02,  5.45637263e-03,  2.47315764e-02,  1.37628615e-02,
        1.67127419e-02,  2.43185963e-02, -1.10122943e-02,  1.70704536e-03,
       -1.19114527e-03,  2.97974050e-02,  1.10038519e-02,  5.64980041e-03,
        2.19030622e-02, -7.30664935e-04,  2.70022526e-02,  5.16143348e-03,
        5.25011262e-03,  8.96558631e-03, -4.59845364e-03, -9.41717718e-03,
       -4.56085894e-03,  2.65881862e-03,  1.03721768e-02,  3.49296406e-02,
       -1.09328823e-02,  1.50119020e-02, -2.23224750e-03, -5.71251661e-03],
      dtype=float32)>, <tf.Variable 'dense/kernel:0' shape=(128, 10) dtype=float32, numpy=
array([[-0.16993512, -0.13767299,  0.15554678, ...,  0.01994581,
         0.21852383, -0.01587578],
       [-0.00577698, -0.14298414, -0.11751793, ...,  0.05418697,
         0.12599376, -0.02717378],
       [ 0.20801707, -0.1272607 ,  0.1819237 , ..., -0.12436359,
         0.18731113,  0.02898252],
       ...,
       [ 0.13225348,  0.16312586, -0.02211387, ..., -0.0437285 ,
        -0.00366172,  0.2575748 ],
       [ 0.0324037 , -0.06802666, -0.17663229, ...,  0.09375338,
         0.18215156,  0.2338037 ],
       [ 0.2669681 , -0.06530245,  0.2615931 , ..., -0.07067556,
         0.04644627, -0.270434  ]], dtype=float32)>, <tf.Variable 'dense/bias:0' shape=(10,) dtype=float32, numpy=
array([-0.00824937,  0.02097988,  0.0133006 ,  0.00718853, -0.00382077,
        0.00816884, -0.02260026,  0.0133053 , -0.02698499, -0.00291667],
      dtype=float32)>] 
Epoch7: [<tf.Variable 'conv2d/kernel:0' shape=(3, 3, 1, 32) dtype=float32, numpy=
array([[[[-3.61839592e-01,  1.10871002e-01, -3.23339671e-01,
          -1.47580833e-03,  1.21470138e-01,  3.90216708e-01,
           2.14199826e-01, -2.16691867e-01,  8.40536505e-02,
          -2.21061874e-02,  2.47653663e-01,  1.59858048e-01,
           1.98378265e-01, -3.73337418e-01,  8.62418935e-02,
          -3.42534393e-01,  1.36290997e-01,  2.03115776e-01,
          -6.91912230e-03, -2.05234975e-01,  3.52342241e-02,
           2.75640666e-01,  8.52224156e-02,  2.04452444e-04,
           1.71429247e-01,  2.10310638e-01,  2.24133387e-01,
          -1.44481614e-01, -6.49370253e-02,  6.22646362e-02,
          -1.57775685e-01, -2.55390584e-01]],

        [[-3.15742284e-01, -5.37041090e-02, -2.57787883e-01,
           1.29657775e-01,  1.18999541e-01,  2.66197443e-01,
          -1.46103814e-01, -1.48194283e-01,  1.85584828e-01,
           1.48945257e-01,  2.21096277e-01,  8.52432922e-02,
          -1.07853331e-01,  1.09683953e-01,  1.58453494e-01,
          -2.66963899e-01,  3.06271110e-02,  5.79770319e-02,
          -3.20009924e-02, -3.32134664e-01,  1.76259786e-01,
           2.83099473e-01,  5.89006841e-02, -1.15521476e-02,
           8.47185925e-02, -2.33546376e-01,  2.15720013e-02,
           6.23359419e-02, -3.35133463e-01, -2.87715439e-02,
           4.49355692e-02, -6.56283519e-04]],

        [[-2.93625802e-01,  1.72148317e-01,  8.47515762e-02,
           1.23754166e-01,  1.14202335e-01, -1.71080977e-01,
          -2.13378325e-01, -1.14642456e-01,  1.58900879e-02,
           3.13118368e-01, -1.04522072e-01,  1.72389537e-01,
          -1.24947958e-01,  1.82061955e-01,  1.03360109e-01,
          -2.91710973e-01,  8.63976851e-02, -3.00287575e-01,
           4.27493155e-02, -3.06044519e-01,  1.56101823e-01,
           2.12138936e-01, -1.52449206e-01,  1.02186479e-01,
           3.54608707e-02, -1.03785612e-01, -1.51327521e-01,
           2.03164160e-01, -2.71999121e-01,  1.68964446e-01,
           8.72778334e-03,  1.90376446e-01]]],


       [[[ 6.98761716e-02,  1.16711907e-01, -3.37450862e-01,
           4.64805514e-02,  1.90777779e-01,  1.11524828e-01,
           2.58514076e-01,  1.17960656e-02, -5.87879531e-02,
          -2.94700861e-01, -2.08656080e-02,  1.13565825e-01,
           1.64060593e-01, -2.87261873e-01, -1.39379650e-02,
           9.34886113e-02,  1.86208263e-01,  2.22613379e-01,
           1.91984355e-01, -4.80161980e-02, -4.76241019e-03,
          -1.07511366e-02,  9.22793373e-02,  6.04360849e-02,
           1.80638418e-01,  2.26962730e-01,  1.67305887e-01,
           2.44032308e-01,  1.42138787e-02, -6.20781593e-02,
           1.39574513e-01, -2.57875592e-01]],

        [[ 1.15560070e-01,  1.91058189e-01, -5.74857742e-02,
           1.55844972e-01,  2.23496720e-01, -4.64709282e-01,
          -4.95617777e-01, -3.82414758e-02,  4.46155444e-02,
          -3.54063928e-01, -4.57301328e-04,  1.33674026e-01,
           1.95894882e-01,  6.70431703e-02,  1.15396723e-01,
           1.39767259e-01,  7.98820928e-02,  1.52297571e-01,
           8.73313621e-02,  9.84430537e-02,  1.89474985e-01,
           1.88325569e-01,  1.10822134e-01,  1.36552989e-01,
          -4.80596758e-02, -1.94417179e-01, -1.43808767e-03,
           1.60190821e-01,  7.86124393e-02,  1.03289425e-01,
           2.30092123e-01, -5.34306616e-02]],

        [[ 3.10458010e-03, -8.93719941e-02,  2.08478659e-01,
           4.98521850e-02,  1.03408866e-01, -3.59845132e-01,
           1.21748947e-01, -2.05329016e-01, -1.44883126e-01,
           1.13330431e-01, -2.94300653e-02,  2.67270915e-02,
          -6.98237717e-02,  2.12453187e-01, -9.35421810e-02,
          -1.78224429e-01, -7.07919300e-02, -3.68307889e-01,
           2.10638791e-01,  1.42477527e-01,  1.48622900e-01,
           7.67114162e-02,  1.40308976e-01,  2.17218518e-01,
           1.49548382e-01, -8.46249983e-02,  4.91881967e-02,
           5.46708051e-03, -1.22363627e-01,  9.18400511e-02,
           2.14537948e-01,  2.82973289e-01]]],


       [[[ 1.36110589e-01,  7.84305558e-02,  3.87104303e-02,
          -5.67905642e-02,  1.72599763e-01, -2.35934272e-01,
          -2.04768494e-01,  9.79616418e-02,  2.75396015e-02,
           1.82432994e-01, -3.06500822e-01,  5.60602453e-03,
           9.75796208e-03, -2.75080323e-01,  1.42862082e-01,
           3.08996234e-02,  1.29390270e-01,  2.11851940e-01,
          -1.71942949e-01,  2.72081405e-01, -2.82440372e-02,
          -4.44645524e-01,  1.75405636e-01,  1.32067472e-01,
          -1.22622997e-01,  2.84887075e-01,  7.99911618e-02,
           5.58748990e-02,  3.22937787e-01, -1.77555174e-01,
           1.26461491e-01, -2.89884239e-01]],

        [[ 2.53448993e-01,  6.26668558e-02,  3.06126088e-01,
          -5.45280203e-02,  6.80171624e-02, -2.67931134e-01,
          -2.43926033e-01,  7.84831420e-02,  1.65023237e-01,
          -1.24060832e-01, -1.39365464e-01,  1.49547979e-01,
           2.07057476e-01,  5.05915694e-02,  2.27516800e-01,
           1.99906856e-01,  1.70207247e-01, -9.81354713e-03,
          -8.53089318e-02,  2.05119908e-01,  1.00231364e-01,
          -4.30962175e-01,  7.22576901e-02,  1.14318423e-01,
          -9.36663523e-02,  3.13334092e-02,  2.24102773e-02,
          -1.29790530e-01,  2.38670334e-01,  1.96621820e-01,
          -6.36674762e-02,  3.08252592e-02]],

        [[ 6.75818920e-02,  1.27623677e-01,  2.96979100e-01,
           1.59078911e-01,  6.09143972e-02,  3.54849875e-01,
           2.32804999e-01, -1.33740440e-01,  1.37211949e-01,
          -2.64063537e-01,  1.46517307e-01,  1.83838695e-01,
           1.54803500e-01,  1.29818618e-01,  1.39137879e-01,
          -3.20679881e-02,  2.94428673e-02, -3.13454330e-01,
           1.64316252e-01,  1.65614679e-01,  1.08457133e-01,
          -2.11744726e-01, -9.54715833e-02,  1.62910849e-01,
           1.20332003e-01, -1.88058689e-01,  2.06889972e-01,
          -7.93818533e-02,  1.11269876e-01,  1.09477200e-01,
          -1.22777382e-02,  2.53182799e-01]]]], dtype=float32)>, <tf.Variable 'conv2d/bias:0' shape=(32,) dtype=float32, numpy=
array([ 0.05245833, -0.00296262,  0.00335519, -0.00171899, -0.00362743,
        0.07087115,  0.08146168,  0.09990918, -0.00351749,  0.0818203 ,
        0.00016252, -0.01817738, -0.03078738,  0.03607275, -0.00702386,
        0.08480226, -0.00261215,  0.04141029, -0.00028337,  0.01530976,
       -0.01290966,  0.01343292, -0.00042068, -0.00163879, -0.00103716,
        0.01694861, -0.00917899, -0.00046747,  0.01192657, -0.00944339,
        0.000283  ,  0.01087205], dtype=float32)>, <tf.Variable 'ldpc__drop_connect_dense/kernel:0' shape=(5408, 128) dtype=float32, numpy=
array([[ 0.0016181 ,  0.02565254,  0.0033155 , ...,  0.01220469,
         0.00597472,  0.0142828 ],
       [-0.0019511 , -0.01827601, -0.0188657 , ..., -0.00883474,
        -0.02580019, -0.00831733],
       [-0.00824681, -0.02362064, -0.03908057, ...,  0.00565676,
        -0.0116593 ,  0.02258839],
       ...,
       [ 0.01098733, -0.00619221,  0.00495523, ...,  0.02039471,
         0.02089724,  0.04323805],
       [-0.03187138, -0.0096259 ,  0.02626473, ...,  0.01325676,
         0.00676486,  0.00493284],
       [ 0.00142116,  0.01272334, -0.00209345, ...,  0.02603761,
         0.01431624,  0.030174  ]], dtype=float32)>, <tf.Variable 'ldpc__drop_connect_dense/bias:0' shape=(128,) dtype=float32, numpy=
array([-3.10338743e-04, -1.44075239e-02, -8.48549325e-03, -1.37357833e-02,
       -1.83820240e-02,  4.43607522e-03,  1.59738673e-04,  3.70237068e-03,
        1.41590144e-02,  1.78256948e-02, -6.94954582e-03,  7.53217516e-03,
       -7.72008346e-03,  2.07867716e-02, -4.74197650e-03,  7.17247045e-03,
       -1.95312570e-03,  1.01255567e-03,  3.81754315e-03, -7.73332454e-03,
        2.22605988e-02, -1.59217995e-02, -2.35207588e-03,  2.54188268e-03,
       -1.91601943e-02, -2.44891420e-02,  6.60542166e-03, -5.15773846e-03,
        1.36126122e-02, -4.91299573e-03, -6.18844759e-03,  5.08834282e-03,
        1.76042896e-02, -4.76606097e-03,  5.16185630e-03,  6.69910898e-03,
        3.27888387e-03,  2.77421204e-03, -1.80430489e-03, -1.18709821e-02,
       -4.98250267e-03,  1.26336413e-02,  6.47640694e-03,  4.88046353e-05,
        9.86720435e-03,  5.17663686e-03,  1.58899669e-02, -1.13721387e-02,
        2.35895105e-02, -4.51846793e-03,  2.16472731e-03,  6.89509232e-03,
       -1.72541663e-02, -1.19402586e-02, -4.95271711e-03,  1.61016174e-03,
        2.21368261e-02,  2.23917095e-03,  1.87482461e-02,  4.11667023e-03,
        1.19887041e-02,  1.88025739e-02,  1.90327261e-02, -1.62229687e-02,
        1.58109907e-02,  6.63373759e-03,  2.44984515e-02, -2.25596339e-03,
        2.38469504e-02, -9.91152599e-03,  1.34112090e-02, -1.23564294e-03,
        1.51166385e-02, -2.05799527e-02, -3.08309845e-03,  2.95866135e-04,
        1.60351731e-02,  6.98535284e-03,  1.88916940e-02,  4.20603296e-03,
        2.34594592e-03,  2.31580809e-03, -1.14337052e-03,  7.06944335e-03,
       -4.71306173e-03, -4.00197692e-04, -4.09937324e-03, -3.86602734e-03,
        8.49764142e-03, -5.46590984e-03,  2.42592581e-03,  7.77501380e-03,
        2.06384230e-02,  2.10106205e-02,  4.11544647e-03,  1.77798215e-02,
        1.75915901e-02,  2.13007513e-03,  7.81148300e-03, -4.52117129e-05,
        1.96047314e-02,  6.11621840e-03,  2.52778679e-02,  1.47829745e-02,
        1.90123711e-02,  2.54013967e-02, -1.25010470e-02,  1.05508242e-03,
       -2.10720371e-03,  3.13911289e-02,  1.06285783e-02,  5.50206192e-03,
        2.30209660e-02, -6.74836920e-04,  2.82128900e-02,  6.13903068e-03,
        4.90389671e-03,  8.34504049e-03, -4.36216360e-03, -1.03877764e-02,
       -4.56085894e-03,  1.37284654e-03,  1.04014231e-02,  3.67320441e-02,
       -1.28177935e-02,  1.50652640e-02, -3.57562094e-03, -6.10863371e-03],
      dtype=float32)>, <tf.Variable 'dense/kernel:0' shape=(128, 10) dtype=float32, numpy=
array([[-0.17190853, -0.14260827,  0.15854684, ...,  0.02268699,
         0.21903305, -0.0142518 ],
       [-0.00765243, -0.14885832, -0.12028211, ...,  0.05373294,
         0.12901399, -0.02765102],
       [ 0.20803589, -0.13450506,  0.18428378, ..., -0.12993973,
         0.18896692,  0.03067802],
       ...,
       [ 0.1378528 ,  0.16431859, -0.01703912, ..., -0.04617535,
        -0.00724141,  0.26410446],
       [ 0.03032062, -0.07125344, -0.17722313, ...,  0.09378003,
         0.18376249,  0.23484626],
       [ 0.27685478, -0.06368847,  0.2720745 , ..., -0.0706558 ,
         0.04641391, -0.28887135]], dtype=float32)>, <tf.Variable 'dense/bias:0' shape=(10,) dtype=float32, numpy=
array([-0.00916461,  0.02334328,  0.01439363,  0.00617962, -0.00393284,
        0.00866232, -0.02354237,  0.01346069, -0.0280251 , -0.00280379],
      dtype=float32)>] 
Epoch8: [<tf.Variable 'conv2d/kernel:0' shape=(3, 3, 1, 32) dtype=float32, numpy=
array([[[[-3.76786351e-01,  1.09863482e-01, -3.41790885e-01,
          -2.18365667e-03,  1.19577713e-01,  4.01461959e-01,
           2.23342657e-01, -2.29160115e-01,  8.42396021e-02,
          -2.33486313e-02,  2.51764238e-01,  1.61935627e-01,
           1.99813485e-01, -3.79789680e-01,  8.40927437e-02,
          -3.57829452e-01,  1.35836512e-01,  2.07885250e-01,
          -5.96463401e-03, -2.14201272e-01,  3.27303894e-02,
           2.80031055e-01,  8.26047361e-02, -3.67372297e-03,
           1.72063142e-01,  2.13062406e-01,  2.28772238e-01,
          -1.53004244e-01, -6.20451830e-02,  6.29234314e-02,
          -1.63743123e-01, -2.57468641e-01]],

        [[-3.25419158e-01, -5.53343818e-02, -2.72537351e-01,
           1.34327576e-01,  1.20155558e-01,  2.76184231e-01,
          -1.47594526e-01, -1.65273502e-01,  1.92626193e-01,
           1.55073985e-01,  2.23847494e-01,  8.77238363e-02,
          -1.14661351e-01,  1.14736699e-01,  1.59380853e-01,
          -2.80086845e-01,  3.11789438e-02,  6.19997494e-02,
          -3.18168923e-02, -3.40763152e-01,  1.78040922e-01,
           2.88850754e-01,  5.67501597e-02, -1.57811642e-02,
           8.44760388e-02, -2.39251286e-01,  1.95875913e-02,
           6.17353842e-02, -3.41476649e-01, -2.76064929e-02,
           4.37561646e-02, -4.97252448e-04]],

        [[-3.01923394e-01,  1.70018345e-01,  8.44317377e-02,
           1.23177230e-01,  1.15778849e-01, -1.73615575e-01,
          -2.24696994e-01, -1.22079149e-01,  1.19550852e-02,
           3.23969215e-01, -1.07030950e-01,  1.73901886e-01,
          -1.38150215e-01,  1.89518973e-01,  1.00217588e-01,
          -3.08827609e-01,  8.49903524e-02, -3.05782288e-01,
           4.03133519e-02, -3.12740266e-01,  1.55298457e-01,
           2.19474375e-01, -1.58665419e-01,  9.87890735e-02,
           3.40730324e-02, -1.11096255e-01, -1.59922749e-01,
           2.04483241e-01, -2.81577259e-01,  1.67920604e-01,
           9.36825946e-03,  1.97717831e-01]]],


       [[[ 7.17543289e-02,  1.19583741e-01, -3.50668401e-01,
           4.57940511e-02,  1.92513496e-01,  1.17299199e-01,
           2.62738526e-01,  1.48939053e-02, -6.31586164e-02,
          -3.04799587e-01, -2.16571949e-02,  1.14745460e-01,
           1.67197049e-01, -2.94244856e-01, -1.72513090e-02,
           9.87714678e-02,  1.91260919e-01,  2.27524802e-01,
           1.94434881e-01, -5.01840226e-02, -8.43486469e-03,
          -1.00393584e-02,  9.39901397e-02,  5.94477355e-02,
           1.81220382e-01,  2.35068902e-01,  1.70797944e-01,
           2.48036951e-01,  2.06127968e-02, -6.73572496e-02,
           1.42957598e-01, -2.66188353e-01]],

        [[ 1.18578568e-01,  1.94311857e-01, -5.51619530e-02,
           1.60964593e-01,  2.28861377e-01, -4.81720984e-01,
          -5.15349925e-01, -3.91054749e-02,  4.95178066e-02,
          -3.66375536e-01, -1.68818969e-03,  1.35713875e-01,
           1.98842615e-01,  7.14468285e-02,  1.17083818e-01,
           1.44645289e-01,  8.36379975e-02,  1.53745696e-01,
           9.11609307e-02,  9.94904637e-02,  1.94738224e-01,
           1.91194057e-01,  1.14640377e-01,  1.37954548e-01,
          -4.77917641e-02, -1.97811201e-01,  1.21382414e-03,
           1.62723780e-01,  7.87124112e-02,  1.05624430e-01,
           2.36284450e-01, -5.25744371e-02]],

        [[ 3.50300432e-03, -9.16326717e-02,  2.20795155e-01,
           5.06156236e-02,  1.05884768e-01, -3.73369306e-01,
           1.25119582e-01, -2.20053658e-01, -1.49960458e-01,
           1.17795967e-01, -3.04668266e-02,  2.91978959e-02,
          -7.39428252e-02,  2.19297513e-01, -9.80377421e-02,
          -1.85307562e-01, -7.40257874e-02, -3.78474921e-01,
           2.14633927e-01,  1.43923685e-01,  1.51881173e-01,
           8.09370056e-02,  1.42897278e-01,  2.20467761e-01,
           1.52128577e-01, -9.13851932e-02,  4.79144119e-02,
           3.11649987e-03, -1.26746431e-01,  9.32872519e-02,
           2.18890607e-01,  2.92553663e-01]]],


       [[[ 1.42612144e-01,  7.61779621e-02,  4.21956107e-02,
          -6.64754733e-02,  1.73180506e-01, -2.47588262e-01,
          -2.16578335e-01,  1.03407659e-01,  2.15474591e-02,
           1.89049825e-01, -3.14635217e-01,  4.59786737e-03,
           6.37212396e-03, -2.80998647e-01,  1.43058479e-01,
           3.77231687e-02,  1.30876586e-01,  2.18299404e-01,
          -1.78379551e-01,  2.77439058e-01, -3.33883055e-02,
          -4.55874473e-01,  1.76263735e-01,  1.30821303e-01,
          -1.27803445e-01,  2.91823328e-01,  7.72820339e-02,
           5.76157458e-02,  3.29973549e-01, -1.83977053e-01,
           1.26436472e-01, -2.95429468e-01]],

        [[ 2.58430451e-01,  6.30860031e-02,  3.19816440e-01,
          -6.02679141e-02,  6.97196275e-02, -2.77729839e-01,
          -2.52436757e-01,  8.32111761e-02,  1.69855982e-01,
          -1.29450575e-01, -1.42622560e-01,  1.51378632e-01,
           2.11152434e-01,  5.17784543e-02,  2.31542870e-01,
           2.04186574e-01,  1.75651997e-01, -9.11459699e-03,
          -8.97777900e-02,  2.10780829e-01,  1.00254104e-01,
          -4.43005472e-01,  7.32726753e-02,  1.15141973e-01,
          -9.77319106e-02,  3.38976942e-02,  2.42286939e-02,
          -1.34985358e-01,  2.44965523e-01,  2.01174200e-01,
          -6.84424937e-02,  3.26222852e-02]],

        [[ 7.25125894e-02,  1.28254652e-01,  3.08306068e-01,
           1.60245046e-01,  6.11189455e-02,  3.62743199e-01,
           2.40964174e-01, -1.36552095e-01,  1.40042931e-01,
          -2.66517431e-01,  1.48609132e-01,  1.88112542e-01,
           1.57952875e-01,  1.33566067e-01,  1.40381381e-01,
          -2.92518083e-02,  3.01774312e-02, -3.20307493e-01,
           1.66227266e-01,  1.67869061e-01,  1.09118238e-01,
          -2.17615604e-01, -9.79394764e-02,  1.63657501e-01,
           1.23094626e-01, -1.87987387e-01,  2.11948082e-01,
          -8.73918384e-02,  1.12846293e-01,  1.10303022e-01,
          -1.85238272e-02,  2.59799480e-01]]]], dtype=float32)>, <tf.Variable 'conv2d/bias:0' shape=(32,) dtype=float32, numpy=
array([ 0.05240678, -0.00483221, -0.00085435, -0.00289245, -0.00590153,
        0.07167659,  0.08275818,  0.10178435, -0.00620235,  0.08254316,
       -0.00069425, -0.02308318, -0.03468982,  0.03519524, -0.00983057,
        0.08567381, -0.00364425,  0.04033099, -0.00050772,  0.01367965,
       -0.01660939,  0.01184777, -0.00135767, -0.00464124, -0.00020804,
        0.01504812, -0.01032858, -0.00100786,  0.01053675, -0.01002764,
       -0.00103001,  0.00959063], dtype=float32)>, <tf.Variable 'ldpc__drop_connect_dense/kernel:0' shape=(5408, 128) dtype=float32, numpy=
array([[ 0.00128346,  0.02565254,  0.0033155 , ...,  0.01220469,
         0.00681274,  0.0142828 ],
       [-0.00410225, -0.01827601, -0.0188657 , ..., -0.00883474,
        -0.02580019, -0.00831733],
       [-0.00904416, -0.02362064, -0.03878696, ...,  0.00565676,
        -0.0116593 ,  0.02265274],
       ...,
       [ 0.01098733, -0.01210622,  0.0031893 , ...,  0.01775756,
         0.02089724,  0.04878413],
       [-0.03187138, -0.00951015,  0.02312918, ...,  0.01566609,
         0.00738784,  0.00493284],
       [ 0.00142116,  0.01127276, -0.00209345, ...,  0.02603761,
         0.01515443,  0.030174  ]], dtype=float32)>, <tf.Variable 'ldpc__drop_connect_dense/bias:0' shape=(128,) dtype=float32, numpy=
array([-6.05874229e-04, -1.59464516e-02, -9.06885229e-03, -1.45007437e-02,
       -1.92974024e-02,  4.17027762e-03, -4.90736420e-05,  2.01909151e-03,
        1.37482919e-02,  1.82843767e-02, -9.13033448e-03,  7.97292590e-03,
       -7.98567943e-03,  2.10110843e-02, -4.66598012e-03,  9.05839354e-03,
       -1.95312570e-03,  1.72690756e-03,  4.00347868e-03, -8.78690276e-03,
        2.23216116e-02, -1.59107465e-02, -2.35207588e-03,  2.05646944e-03,
       -2.08020732e-02, -2.48345099e-02,  6.24974398e-03, -5.92400786e-03,
        1.39182229e-02, -4.46997350e-03, -7.05098733e-03,  6.33805245e-03,
        1.91568248e-02, -4.78962669e-03,  6.31615473e-03,  6.73672976e-03,
        2.61239219e-03,  2.65822397e-03, -2.65073637e-03, -1.31158549e-02,
       -5.01363864e-03,  1.30225839e-02,  6.42782962e-03, -1.05990053e-04,
        9.93420649e-03,  4.65738541e-03,  1.52044008e-02, -1.28203994e-02,
        2.42158230e-02, -4.97200154e-03,  2.09635356e-03,  7.10723363e-03,
       -1.77027620e-02, -1.21040698e-02, -4.52153478e-03,  1.65990449e-03,
        2.20789015e-02,  1.60023104e-03,  1.84128731e-02,  4.29730816e-03,
        1.32977152e-02,  1.84854325e-02,  1.88744944e-02, -1.72888637e-02,
        1.68652982e-02,  7.96904322e-03,  2.41973251e-02, -2.25596339e-03,
        2.42805630e-02, -1.10093579e-02,  1.42669594e-02, -1.10851158e-03,
        1.59873385e-02, -2.08958462e-02, -3.08309845e-03,  1.46853581e-05,
        1.58893764e-02,  7.78294122e-03,  1.83671154e-02,  3.09196720e-03,
        2.66151549e-03,  2.17312481e-03, -1.08903181e-03,  6.06729276e-03,
       -6.10068673e-03, -9.69922810e-04, -4.98674391e-03, -3.56955430e-03,
        8.55547097e-03, -5.54713281e-03,  2.98856222e-03,  8.09358340e-03,
        1.98182259e-02,  2.06205081e-02,  3.70477838e-03,  1.76049750e-02,
        1.77331101e-02,  1.35542161e-03,  7.96512980e-03,  2.93202291e-04,
        2.11701281e-02,  6.75653666e-03,  2.60813795e-02,  1.57752484e-02,
        1.88326407e-02,  2.68395394e-02, -1.26133505e-02,  1.57427543e-03,
       -7.00081640e-04,  3.23737822e-02,  1.03789577e-02,  5.06426208e-03,
        2.43163500e-02, -1.05246331e-03,  2.85535250e-02,  6.07195916e-03,
        4.07710019e-03,  9.03463177e-03, -5.22287795e-03, -1.01398863e-02,
       -4.56085894e-03,  2.03867373e-03,  1.13777183e-02,  3.73351537e-02,
       -1.40097290e-02,  1.66758187e-02, -2.77007907e-03, -6.28946116e-03],
      dtype=float32)>, <tf.Variable 'dense/kernel:0' shape=(128, 10) dtype=float32, numpy=
array([[-0.1714575 , -0.14719422,  0.16024119, ...,  0.0266829 ,
         0.22028743, -0.01399923],
       [-0.00823016, -0.15476696, -0.12352062, ...,  0.05368042,
         0.13069427, -0.02816811],
       [ 0.20967744, -0.140673  ,  0.18765274, ..., -0.13751873,
         0.189435  ,  0.03201746],
       ...,
       [ 0.14176933,  0.16336508, -0.01359851, ..., -0.04748342,
        -0.01010884,  0.27119097],
       [ 0.02975963, -0.07504299, -0.17935628, ...,  0.09486424,
         0.18558088,  0.23549289],
       [ 0.28823018, -0.06507964,  0.2816667 , ..., -0.07270278,
         0.04427654, -0.30320704]], dtype=float32)>, <tf.Variable 'dense/bias:0' shape=(10,) dtype=float32, numpy=
array([-0.0078615 ,  0.02488917,  0.01428813,  0.00619916, -0.0048456 ,
        0.00875451, -0.02526778,  0.01368925, -0.02838105, -0.0027401 ],
      dtype=float32)>] 
Epoch9: [<tf.Variable 'conv2d/kernel:0' shape=(3, 3, 1, 32) dtype=float32, numpy=
array([[[[-0.39163882,  0.10966759, -0.3564432 , -0.00214336,
           0.11913094,  0.4098987 ,  0.22989088, -0.24121167,
           0.08412156, -0.02200117,  0.25612032,  0.163657  ,
           0.20277713, -0.38945028,  0.08312939, -0.37071273,
           0.13540271,  0.21192272, -0.00524437, -0.22034936,
           0.03209848,  0.28483334,  0.08082546, -0.00688604,
           0.17425825,  0.21622144,  0.23281647, -0.15879306,
          -0.05916212,  0.06342112, -0.16948046, -0.26235348]],

        [[-0.33456656, -0.0567534 , -0.2814355 ,  0.13873279,
           0.12133965,  0.28511974, -0.15082435, -0.17872442,
           0.19866762,  0.16165708,  0.22725512,  0.0888752 ,
          -0.11979317,  0.11642604,  0.16083534, -0.2918614 ,
           0.03119989,  0.06551456, -0.0325422 , -0.34694263,
           0.18065491,  0.295168  ,  0.05494126, -0.01925011,
           0.08515996, -0.2442304 ,  0.01708675,  0.06262203,
          -0.3458617 , -0.02732899,  0.0434044 , -0.00266908]],

        [[-0.3088834 ,  0.16909902,  0.08787176,  0.12239734,
           0.11752947, -0.17360261, -0.23548606, -0.12798172,
           0.00852883,  0.33416784, -0.10803712,  0.17353128,
          -0.14972287,  0.19431743,  0.09748495, -0.32483053,
           0.08251046, -0.31105945,  0.0377359 , -0.3179144 ,
           0.15450308,  0.2271247 , -0.16556153,  0.09740838,
           0.03320168, -0.11746708, -0.16890547,  0.20680657,
          -0.28961542,  0.16661145,  0.01152478,  0.20247373]]],


       [[[ 0.07416007,  0.12451161, -0.36352402,  0.0461947 ,
           0.19537464,  0.1211445 ,  0.26582998,  0.01855138,
          -0.06726631, -0.31232473, -0.02104869,  0.11630172,
           0.17050353, -0.30500042, -0.01970918,  0.10565417,
           0.19496751,  0.23224036,  0.19704714, -0.05002413,
          -0.01056287, -0.00871729,  0.09598765,  0.05911141,
           0.18319143,  0.24226417,  0.1734116 ,  0.25359818,
           0.02687622, -0.07251823,  0.14664358, -0.27828735]],

        [[ 0.12189824,  0.1984086 , -0.05118277,  0.16645277,
           0.2338067 , -0.49515834, -0.5338625 , -0.03849624,
           0.05413739, -0.37613797, -0.00130211,  0.13671938,
           0.20156133,  0.07299995,  0.11954354,  0.15035807,
           0.08576753,  0.15511817,  0.09420971,  0.10223696,
           0.19958793,  0.19536638,  0.11796701,  0.14000095,
          -0.04684351, -0.20177187,  0.00172455,  0.16672324,
           0.07907874,  0.10724264,  0.24332039, -0.05414436]],

        [[ 0.00419758, -0.09305036,  0.2343892 ,  0.05120073,
           0.10853386, -0.38356942,  0.12759376, -0.2345424 ,
          -0.15541382,  0.12181721, -0.03014417,  0.02964477,
          -0.07802444,  0.22394404, -0.10263444, -0.19203877,
          -0.07952387, -0.38877746,  0.21801749,  0.14656836,
           0.1537178 ,  0.08612726,  0.14534451,  0.22489762,
           0.15434349, -0.09707364,  0.0453127 ,  0.00278069,
          -0.13129194,  0.09399752,  0.22469757,  0.29980052]]],


       [[[ 0.14959517,  0.07772137,  0.04575812, -0.07184813,
           0.17546174, -0.25821772, -0.22644636,  0.10919084,
           0.01842159,  0.19580168, -0.31971866,  0.0053144 ,
           0.0032791 , -0.28807327,  0.14501014,  0.04444073,
           0.13141517,  0.22329399, -0.18389142,  0.2842974 ,
          -0.03547029, -0.46524256,  0.17834614,  0.1315163 ,
          -0.13096279,  0.29781142,  0.07538656,  0.0612346 ,
           0.33676407, -0.18969648,  0.12734984, -0.30223614]],

        [[ 0.26333296,  0.06492227,  0.33332112, -0.06267995,
           0.07170387, -0.28459015, -0.25824487,  0.08783026,
           0.17475094, -0.13250619, -0.14400798,  0.15260097,
           0.21431938,  0.05143901,  0.2369085 ,  0.20862363,
           0.17885283, -0.00959315, -0.09396155,  0.21739322,
           0.10145833, -0.45325255,  0.07454059,  0.11760156,
          -0.1014326 ,  0.0354032 ,  0.02387136, -0.13790703,
           0.25034276,  0.20522231, -0.07165346,  0.03292705]],

        [[ 0.07694291,  0.13019945,  0.32023787,  0.16166891,
           0.06179284,  0.37132272,  0.24882773, -0.13920215,
           0.14098585, -0.26739085,  0.15159842,  0.1912535 ,
           0.16028522,  0.13554958,  0.14172213, -0.0266896 ,
           0.02788969, -0.3274427 ,  0.16800083,  0.17117302,
           0.1093021 , -0.22134435, -0.10027535,  0.1663101 ,
           0.12531884, -0.18837719,  0.2153495 , -0.09258558,
           0.11343612,  0.11027852, -0.02231004,  0.2644548 ]]]],
      dtype=float32)>, <tf.Variable 'conv2d/bias:0' shape=(32,) dtype=float32, numpy=
array([ 0.05168492, -0.00550822, -0.0004879 , -0.00353631, -0.00694008,
        0.07256237,  0.0845829 ,  0.10351573, -0.00863525,  0.08246184,
       -0.00098376, -0.02823279, -0.0375282 ,  0.03477689, -0.01238112,
        0.08651596, -0.00549179,  0.039693  , -0.00095668,  0.0120234 ,
       -0.01844845,  0.00945093, -0.00238235, -0.0055867 , -0.00081883,
        0.01391752, -0.0114476 , -0.00052774,  0.00838685, -0.01087296,
       -0.00039146,  0.00873097], dtype=float32)>, <tf.Variable 'ldpc__drop_connect_dense/kernel:0' shape=(5408, 128) dtype=float32, numpy=
array([[ 0.00104948,  0.02565254,  0.0033155 , ...,  0.01220469,
         0.00790232,  0.0142828 ],
       [-0.00783119, -0.01827601, -0.0188657 , ..., -0.00883474,
        -0.02580019, -0.00847511],
       [-0.01140982, -0.02362064, -0.03763422, ...,  0.00565676,
        -0.0116593 ,  0.02285615],
       ...,
       [ 0.01098733, -0.01716643,  0.00148145, ...,  0.01597481,
         0.02089724,  0.05190754],
       [-0.03187138, -0.0093378 ,  0.02355276, ...,  0.0152749 ,
         0.00621343,  0.00493284],
       [ 0.00142116,  0.01092106, -0.00209345, ...,  0.02603761,
         0.01633399,  0.030174  ]], dtype=float32)>, <tf.Variable 'ldpc__drop_connect_dense/bias:0' shape=(128,) dtype=float32, numpy=
array([-0.00082359, -0.01634052, -0.00967139, -0.01517224, -0.01923029,
        0.00418018,  0.00085156,  0.00076175,  0.01394418,  0.01947497,
       -0.00797941,  0.00694509, -0.00836815,  0.02173641, -0.00624838,
        0.00874105, -0.00195313,  0.00186308,  0.00311716, -0.00936304,
        0.02269213, -0.01631177, -0.00235208,  0.00226761, -0.02085575,
       -0.02475968,  0.0051163 , -0.00632128,  0.01404443, -0.00429508,
       -0.00690144,  0.00494918,  0.02004518, -0.004923  ,  0.00703503,
        0.00676824,  0.0012208 ,  0.00230175, -0.00293778, -0.01338215,
       -0.00585989,  0.0134027 ,  0.00703046, -0.00100589,  0.01070223,
        0.0039859 ,  0.0145756 , -0.01359365,  0.02664298, -0.00481545,
        0.00221309,  0.00738222, -0.01761437, -0.01321192, -0.00372513,
        0.00090119,  0.02312608,  0.00191099,  0.01864908,  0.00325821,
        0.01335631,  0.01780868,  0.01857015, -0.01735662,  0.01680834,
        0.00706778,  0.02415956, -0.00225596,  0.02520207, -0.01126369,
        0.01535379, -0.00087111,  0.01648424, -0.02113175, -0.0030831 ,
        0.00034745,  0.01537159,  0.00774063,  0.01860203,  0.00281417,
        0.00327543,  0.00335385, -0.0014763 ,  0.00543472, -0.00641731,
       -0.00165252, -0.00527142, -0.00427399,  0.00827168, -0.00549333,
        0.00221367,  0.00755535,  0.02099089,  0.02157934,  0.00347817,
        0.01839605,  0.01783264,  0.00094871,  0.00805981,  0.00062204,
        0.02181468,  0.00726061,  0.02677468,  0.01448291,  0.02091411,
        0.0275983 , -0.01296069,  0.00051902, -0.00111271,  0.03307466,
        0.01300793,  0.00557906,  0.02540602, -0.00057935,  0.02971309,
        0.006209  ,  0.00614834,  0.00844889, -0.00580115, -0.01034166,
       -0.00456086,  0.00152536,  0.01220233,  0.03882947, -0.01507005,
        0.01819703, -0.00172241, -0.00752887], dtype=float32)>, <tf.Variable 'dense/kernel:0' shape=(128, 10) dtype=float32, numpy=
array([[-0.17181759, -0.15107827,  0.16195846, ...,  0.02936983,
         0.2204727 , -0.01180123],
       [-0.00838249, -0.15943286, -0.12674572, ...,  0.05456097,
         0.13230576, -0.02922655],
       [ 0.20990294, -0.14471428,  0.19083685, ..., -0.14476301,
         0.1908647 ,  0.03336312],
       ...,
       [ 0.149029  ,  0.16289848, -0.01166832, ..., -0.05040028,
        -0.01188041,  0.27812162],
       [ 0.02828154, -0.07819184, -0.18073687, ...,  0.09506552,
         0.1869653 ,  0.23700732],
       [ 0.2970141 , -0.06702499,  0.29021356, ..., -0.07117601,
         0.04214978, -0.3170828 ]], dtype=float32)>, <tf.Variable 'dense/bias:0' shape=(10,) dtype=float32, numpy=
array([-0.00753682,  0.02632795,  0.01454327,  0.00709083, -0.00492734,
        0.0079191 , -0.02738922,  0.01347399, -0.02882804, -0.00209222],
      dtype=float32)>] 
