Epoch0: [<tf.Variable 'conv2d/kernel:0' shape=(3, 3, 1, 32) dtype=float32, numpy=
array([[[[-3.40559483e-02,  3.42804356e-03,  9.56800114e-03,
           2.84904372e-02, -1.74083356e-02,  9.01647732e-02,
           1.02827832e-01,  6.55509755e-02, -1.49762277e-02,
          -1.46874502e-01,  1.06504202e-01, -1.37768626e-01,
           8.50587413e-02, -9.44484025e-02,  7.64650628e-02,
           6.83432445e-02, -1.20325707e-01,  1.04429848e-01,
           6.09497875e-02, -1.08681805e-01,  1.56342834e-01,
           9.36285127e-03, -9.83291939e-02, -8.44045281e-02,
           5.34037240e-02,  4.14882898e-02, -1.89798903e-02,
          -5.21794744e-02,  1.32599950e-01, -4.61026654e-03,
          -1.45267069e-01,  2.61978749e-02]],

        [[ 4.20362726e-02, -3.57529968e-02,  1.40253156e-02,
           3.61491516e-02, -1.02152981e-01,  1.62433043e-01,
           3.87196727e-02, -2.43819542e-02,  1.39938042e-01,
          -1.25351354e-01, -2.34761517e-02, -2.44802795e-04,
           1.12486564e-01,  1.07456408e-01, -6.76793084e-02,
           1.33166090e-02, -4.97019291e-03, -7.88837951e-03,
           1.06574200e-01, -1.46227971e-01,  6.35565743e-02,
           3.21624125e-03,  9.33355168e-02,  6.75601661e-02,
           1.15765043e-01,  4.95098345e-03,  1.59945056e-01,
           1.37631521e-01, -9.80319604e-02,  1.05465800e-01,
           7.79322907e-03,  1.01087078e-01]],

        [[ 1.27520233e-01, -4.28609140e-02, -3.89939509e-02,
           2.81209946e-02, -5.96242473e-02,  1.46549448e-01,
           9.35613003e-04,  1.30939245e-01,  1.44794613e-01,
          -1.30560905e-01, -5.51291741e-02, -7.18721226e-02,
           1.26961316e-03,  8.42505395e-02,  1.34542987e-01,
          -2.46729106e-02,  1.06837049e-01, -1.75046623e-02,
           7.81143308e-02, -6.09996095e-02,  1.10993043e-01,
          -9.11630988e-02,  1.25437155e-01,  4.65050861e-02,
          -8.90402496e-02,  2.40511410e-02, -2.10412536e-02,
          -6.33963868e-02,  1.31407723e-01, -7.03357607e-02,
           5.22667961e-03, -9.45312530e-02]]],


       [[[ 3.70043069e-02,  3.30713280e-02,  1.27364755e-01,
           1.22716576e-01,  3.81686762e-02,  1.57326698e-01,
          -7.91182835e-03,  1.38337895e-01, -2.98745222e-02,
           1.43768162e-01, -1.04873054e-01, -1.09927863e-01,
           5.33123575e-02, -4.27910388e-02,  1.58313259e-01,
           9.75058973e-02,  9.87016261e-02,  5.45140356e-03,
           1.24545187e-01,  1.51881397e-01,  1.34296075e-01,
           1.54926836e-01, -4.72012311e-02,  1.30577013e-01,
           8.07616636e-02, -8.35886151e-02,  3.28871608e-02,
          -2.37592980e-02,  2.21779780e-03,  8.92069191e-02,
           8.51202384e-02,  3.40886079e-02]],

        [[ 9.59069654e-02, -3.39422598e-02,  6.66685849e-02,
           1.08394086e-01,  8.76361951e-02, -4.37966138e-02,
           6.86131418e-02,  6.89619640e-03,  8.00981447e-02,
           2.60952283e-02,  4.44973037e-02,  1.61714122e-01,
           6.83275089e-02,  8.40982571e-02, -3.83247361e-02,
           6.84557855e-02, -2.11401600e-02,  1.02092132e-01,
           2.93383878e-02, -3.50184622e-03,  1.49971783e-01,
           1.20303459e-01,  1.63316205e-01,  3.24048735e-02,
          -1.66069381e-02,  5.74024990e-02,  4.58239391e-02,
           1.67637646e-01, -1.19649723e-01,  9.02119055e-02,
           6.57408535e-02,  1.66156441e-01]],

        [[ 1.53822124e-01,  1.20951064e-01,  1.14144720e-01,
           1.55679658e-01, -4.58546393e-02,  1.30105745e-02,
          -1.03883341e-01, -3.52339260e-02, -1.07161365e-02,
           7.77025372e-02,  1.27116621e-01,  1.34102121e-01,
           7.45372400e-02,  1.01885004e-02,  1.63882345e-01,
           8.70481059e-02,  9.28764567e-02,  7.98428282e-02,
           1.49580538e-01, -9.40432176e-02,  2.53437236e-02,
           6.40110895e-02,  2.32867505e-02,  1.53619096e-01,
          -1.05302878e-01,  1.61992028e-01,  1.32653654e-01,
           1.30226120e-01, -2.93798205e-02, -1.31578688e-02,
           3.40340436e-02,  8.94766152e-02]]],


       [[[ 1.53749645e-01,  5.98118268e-02,  1.62851349e-01,
          -2.17594989e-02,  1.48722455e-01,  9.66417640e-02,
          -8.84132758e-02,  7.86071876e-04,  5.89905903e-02,
          -1.06352612e-01,  1.51102617e-01,  5.72658516e-02,
           9.17793140e-02,  2.32681949e-02,  1.01735227e-01,
           8.75379890e-02, -8.96707997e-02,  1.66726351e-01,
          -2.64958553e-02,  6.45516813e-02,  1.52077004e-02,
           1.01616653e-02,  1.47702426e-01, -6.46720976e-02,
          -7.64954537e-02,  1.12816043e-01, -6.77778497e-02,
          -7.28512630e-02, -1.27657160e-01,  1.10218681e-01,
           5.54393008e-02,  9.54204798e-02]],

        [[ 1.70849673e-02,  6.97228834e-02, -3.46190482e-02,
          -3.98290381e-02,  1.39477760e-01,  1.50552884e-01,
          -5.05679697e-02,  1.21478148e-01,  1.05700791e-01,
           8.98346826e-02,  1.46883830e-01,  6.06980696e-02,
           5.32363281e-02,  1.04995720e-01,  5.49895801e-02,
           8.25355053e-02,  1.57693103e-01,  1.25016302e-01,
           1.20810479e-01,  4.84216325e-02, -1.02060318e-01,
           8.35481808e-02, -1.93635225e-02, -7.33086243e-02,
          -1.36926532e-01,  1.18832052e-01,  4.28456925e-02,
           1.09910816e-01,  2.66109016e-02, -9.16713029e-02,
           4.41747531e-02,  1.07921220e-01]],

        [[ 5.90357482e-02,  7.28347450e-02, -5.80595098e-02,
           1.49563700e-01,  1.56384870e-01,  8.94409977e-03,
          -5.62044717e-02,  1.45942986e-01, -2.16009194e-05,
           1.67006090e-01,  1.68703243e-01,  7.97599778e-02,
           1.94754433e-02, -2.87901983e-02,  5.47294132e-02,
           2.38014199e-02,  9.51740742e-02,  1.69768348e-01,
           4.01259400e-03,  1.71709895e-01,  1.21777840e-01,
           6.55754581e-02, -6.25848696e-02, -7.09309708e-03,
          -3.51709798e-02, -2.53643449e-02,  1.05016217e-01,
           9.25923872e-04,  1.68658480e-01,  2.06226129e-02,
           6.12601377e-02,  9.52057019e-02]]]], dtype=float32)>] 
Epoch1: [<tf.Variable 'conv2d/kernel:0' shape=(3, 3, 1, 32) dtype=float32, numpy=
array([[[[-0.0292698 ,  0.00038543,  0.01761289,  0.03863844,
          -0.01083934,  0.09780961,  0.11911312,  0.07625837,
          -0.00915397, -0.16486579,  0.11440793, -0.16253503,
           0.09432289, -0.10934616,  0.08410363,  0.0775575 ,
          -0.12894441,  0.11208332,  0.06934813, -0.13570684,
           0.16666658,  0.0213747 , -0.1021902 , -0.07342487,
           0.07554507,  0.04379242, -0.00858887, -0.04498093,
           0.13248318,  0.00773098, -0.15678625,  0.03510884]],

        [[ 0.05068816, -0.04407896,  0.02312881,  0.04650212,
          -0.11023916,  0.17087798,  0.06115292, -0.01365866,
           0.15040421, -0.15651546, -0.01408109,  0.00167849,
           0.1221715 ,  0.11715247, -0.06059049,  0.02231834,
           0.0030357 ,  0.00093716,  0.11563578, -0.17845339,
           0.07493834,  0.01314894,  0.10241736,  0.0785595 ,
           0.14046171,  0.01304364,  0.17202546,  0.14867337,
          -0.11511127,  0.11904042,  0.00747159,  0.11058734]],

        [[ 0.13623716, -0.03824954, -0.03075108,  0.03648911,
          -0.0740416 ,  0.15435718,  0.02969953,  0.14006454,
           0.15448642, -0.15810853, -0.04666388, -0.06126835,
           0.0086628 ,  0.09447234,  0.14183952, -0.01876074,
           0.11695455, -0.00934151,  0.08596574, -0.09429375,
           0.12161343, -0.0863881 ,  0.13528651,  0.05630551,
          -0.07822914,  0.03320164, -0.01053378, -0.05414999,
           0.1358364 , -0.0747132 ,  0.01178223, -0.08774717]]],


       [[[ 0.04392624,  0.04151433,  0.13690944,  0.13261874,
           0.04824287,  0.16537815,  0.00369253,  0.14894643,
          -0.02203214,  0.16045079, -0.0976221 , -0.11405102,
           0.06232225, -0.04573638,  0.1670383 ,  0.10674825,
           0.09789263,  0.0134429 ,  0.13348773,  0.16348135,
           0.14448497,  0.1658816 , -0.04071899,  0.14133146,
           0.10556229, -0.07841258,  0.04085238, -0.01912424,
          -0.01435314,  0.10092922,  0.09488557,  0.04265802]],

        [[ 0.10510345, -0.02345887,  0.07726013,  0.1193486 ,
           0.09579988, -0.03501927,  0.06610776,  0.01797741,
           0.0909413 ,  0.03450898,  0.0545568 ,  0.16934603,
           0.07838209,  0.09502245, -0.02956219,  0.0783852 ,
          -0.01261912,  0.11120009,  0.03953087,  0.01129766,
           0.16151386,  0.13178955,  0.1745464 ,  0.04368197,
          -0.00278005,  0.06737033,  0.05769054,  0.1788135 ,
          -0.13568166,  0.10215189,  0.07705539,  0.17649254]],

        [[ 0.1628082 ,  0.13189371,  0.12357922,  0.16567013,
          -0.04035699,  0.0209022 , -0.10564676, -0.02573394,
          -0.00168725,  0.08293394,  0.13680206,  0.14311214,
           0.08262666,  0.01951648,  0.17237484,  0.09514824,
           0.10217518,  0.08831912,  0.1588151 , -0.09650293,
           0.03674673,  0.07406617,  0.03206006,  0.16377413,
          -0.14160165,  0.17183919,  0.14403206,  0.14009105,
          -0.01655125, -0.02297449,  0.04433273,  0.0981946 ]]],


       [[[ 0.16072272,  0.07131491,  0.17220417, -0.01652719,
           0.15916754,  0.104257  , -0.12755929,  0.00926816,
           0.06773836, -0.08681078,  0.1603584 ,  0.06476137,
           0.0997    ,  0.03013865,  0.10954895,  0.09554201,
          -0.08512768,  0.17432216, -0.01981406,  0.08236367,
           0.02092004,  0.01803848,  0.15779233, -0.07552462,
          -0.07346544,  0.12117438, -0.06555275, -0.06934936,
          -0.15530613,  0.12166807,  0.06554741,  0.10334881]],

        [[ 0.02535556,  0.08219305, -0.02497622, -0.03129296,
           0.15106049,  0.15972893, -0.08852638,  0.13188916,
           0.11620168,  0.10363062,  0.1577877 ,  0.0700263 ,
           0.06248235,  0.11631849,  0.06310798,  0.09196674,
           0.16631453,  0.13394953,  0.12954539,  0.06937502,
          -0.09382661,  0.09362165, -0.00931045, -0.08400213,
          -0.1793774 ,  0.12890601,  0.05241179,  0.11993577,
           0.02646239, -0.08127058,  0.0542294 ,  0.11799763]],

        [[ 0.06695964,  0.0840174 , -0.05115615,  0.15960777,
           0.16745521,  0.01804923, -0.08941722,  0.15640406,
           0.00838965,  0.17615305,  0.17863281,  0.08728984,
           0.02785998, -0.02081213,  0.06253497,  0.03251653,
           0.1037076 ,  0.17884594,  0.01246448,  0.18530233,
           0.13173337,  0.07625943, -0.05957035, -0.00591135,
          -0.06943098, -0.01710001,  0.11603281,  0.01030532,
           0.17966361,  0.02030526,  0.06994405,  0.10513172]]]],
      dtype=float32)>] 
Epoch2: [<tf.Variable 'conv2d/kernel:0' shape=(3, 3, 1, 32) dtype=float32, numpy=
array([[[[-0.0279998 , -0.00595099,  0.02192018,  0.04546493,
          -0.01147675,  0.10252584,  0.13495335,  0.0837819 ,
          -0.00792425, -0.18157795,  0.11821902, -0.18615972,
           0.10040315, -0.12600972,  0.08845337,  0.0835294 ,
          -0.14156753,  0.11695168,  0.07420229, -0.1612473 ,
           0.17316812,  0.02908789, -0.11257874, -0.06631063,
           0.09663547,  0.04255752, -0.00220187, -0.04242214,
           0.13010265,  0.01564443, -0.16879426,  0.04122631]],

        [[ 0.05623017, -0.05654598,  0.02833596,  0.05333722,
          -0.12745857,  0.17639169,  0.08413661, -0.00646418,
           0.15774107, -0.18499176, -0.00926306, -0.00078989,
           0.12869284,  0.12341822, -0.05693545,  0.02754613,
           0.0077587 ,  0.00679428,  0.12124094, -0.20762928,
           0.08262792,  0.01775824,  0.10778187,  0.08566725,
           0.16396505,  0.0180294 ,  0.18073246,  0.15633553,
          -0.13571934,  0.12765047,  0.00332343,  0.11708754]],

        [[ 0.14178863, -0.041049  , -0.02670794,  0.0412316 ,
          -0.09541728,  0.15911749,  0.05907779,  0.14517085,
           0.16097783, -0.18808812, -0.04314388, -0.05270651,
           0.01253219,  0.10192964,  0.14581238, -0.01722243,
           0.12470418, -0.00483678,  0.09024912, -0.12344259,
           0.12829117, -0.08852137,  0.14196931,  0.06208959,
          -0.07310614,  0.03919151, -0.00387906, -0.04888269,
           0.135392  , -0.08678965,  0.0145361 , -0.0850999 ]]],


       [[[ 0.04748495,  0.04418501,  0.14292698,  0.13883077,
           0.05340067,  0.1705475 ,  0.01282654,  0.1560567 ,
          -0.01813678,  0.17470577, -0.09529369, -0.12380589,
           0.06788753, -0.05419358,  0.17257163,  0.11254694,
           0.09115838,  0.01827782,  0.13921173,  0.17243935,
           0.15152332,  0.17283621, -0.03922369,  0.14823197,
           0.1301041 , -0.07751259,  0.04362372, -0.02055198,
          -0.02849283,  0.10824495,  0.10074437,  0.0478755 ]],

        [[ 0.1112116 , -0.0188205 ,  0.08425772,  0.1267826 ,
           0.09756384, -0.02908564,  0.06888912,  0.02546598,
           0.09893951,  0.04061268,  0.06056855,  0.174038  ,
           0.08511771,  0.10298023, -0.02398097,  0.08470178,
          -0.00754322,  0.1171041 ,  0.04671513,  0.0235211 ,
           0.17012046,  0.13927224,  0.18278149,  0.05130732,
           0.00915434,  0.07414427,  0.06604002,  0.18647385,
          -0.15119132,  0.10784143,  0.08443304,  0.18365769]],

        [[ 0.1685161 ,  0.13818371,  0.12875699,  0.17216142,
          -0.04170167,  0.02558252, -0.10057221, -0.02017372,
           0.0039614 ,  0.08312361,  0.14269082,  0.14951336,
           0.08725924,  0.02544536,  0.17759593,  0.09937348,
           0.1084797 ,  0.09314146,  0.16502708, -0.10048324,
           0.04506132,  0.07960042,  0.03677531,  0.17024094,
          -0.17204326,  0.17826203,  0.1520497 ,  0.1462345 ,
          -0.00428259, -0.04126072,  0.05052602,  0.10315263]]],


       [[[ 0.16479889,  0.07867941,  0.17811053, -0.01610515,
           0.16551839,  0.10920077, -0.16465303,  0.01407728,
           0.07342818, -0.06741039,  0.16587856,  0.06889764,
           0.1042427 ,  0.03250192,  0.11430325,  0.10000185,
          -0.08505545,  0.1785801 , -0.01657877,  0.09925739,
           0.02326501,  0.02157858,  0.16453059, -0.09006382,
          -0.07202938,  0.126084  , -0.06975592, -0.07198542,
          -0.1776311 ,  0.1294029 ,  0.07208829,  0.10761984]],

        [[ 0.03070827,  0.09065432, -0.01969132, -0.02676482,
           0.15856466,  0.16640925, -0.12358259,  0.13897696,
           0.12431002,  0.11638825,  0.16548792,  0.07694363,
           0.06863997,  0.12486155,  0.06818416,  0.0978907 ,
           0.17185582,  0.13957259,  0.13519758,  0.08994983,
          -0.0888439 ,  0.10002619, -0.00273923, -0.09964853,
          -0.21395631,  0.13586292,  0.05812823,  0.12643602,
           0.02505841, -0.07688299,  0.06039992,  0.12470938]],

        [[ 0.07189462,  0.0911006 , -0.05003441,  0.16619664,
           0.17450589,  0.02441656, -0.11839089,  0.16352543,
           0.01399646,  0.18199916,  0.18534812,  0.0914521 ,
           0.03315586, -0.01650768,  0.06721304,  0.03771563,
           0.10915425,  0.1846095 ,  0.01808314,  0.1972724 ,
           0.13892888,  0.08353394, -0.06232595, -0.00999418,
          -0.09993383, -0.01254869,  0.12400132,  0.01624908,
           0.1905581 ,  0.01260744,  0.0743985 ,  0.11161064]]]],
      dtype=float32)>] 
Epoch3: [<tf.Variable 'conv2d/kernel:0' shape=(3, 3, 1, 32) dtype=float32, numpy=
array([[[[-2.85667554e-02, -1.34174833e-02,  2.54316535e-02,
           5.12739159e-02, -1.47468969e-02,  1.05924010e-01,
           1.49978906e-01,  9.03499201e-02, -9.31599922e-03,
          -1.96791515e-01,  1.20188959e-01, -2.09196717e-01,
           1.05587311e-01, -1.42807096e-01,  9.16271061e-02,
           8.84678513e-02, -1.55785203e-01,  1.20769069e-01,
           7.78208151e-02, -1.82707578e-01,  1.78099573e-01,
           3.58999632e-02, -1.24372311e-01, -6.03350252e-02,
           1.16031982e-01,  4.02304307e-02,  3.02667124e-03,
          -4.20158170e-02,  1.29410565e-01,  2.15547048e-02,
          -1.80315420e-01,  4.64871377e-02]],

        [[ 6.07531071e-02, -6.90510869e-02,  3.28194126e-02,
           5.91616891e-02, -1.46355346e-01,  1.80814579e-01,
           1.06300652e-01, -8.22580114e-05,  1.63704842e-01,
          -2.10061580e-01, -5.84638864e-03, -5.85075514e-03,
           1.34424075e-01,  1.27974615e-01, -5.39234243e-02,
           3.18517722e-02,  1.08246673e-02,  1.17223747e-02,
           1.25859052e-01, -2.32943267e-01,  8.88309702e-02,
           2.06711479e-02,  1.11563608e-01,  9.17153880e-02,
           1.85949668e-01,  2.25550737e-02,  1.88590869e-01,
           1.63006529e-01, -1.52791172e-01,  1.33727655e-01,
          -1.76578178e-03,  1.22766137e-01]],

        [[ 1.46514833e-01, -4.60572988e-02, -2.31260993e-02,
           4.48699705e-02, -1.17577054e-01,  1.62713006e-01,
           8.65034908e-02,  1.49406269e-01,  1.66076124e-01,
          -2.15455875e-01, -4.10053246e-02, -4.46310788e-02,
           1.53680779e-02,  1.08364813e-01,  1.49268553e-01,
          -1.63848717e-02,  1.32004246e-01, -1.42091489e-03,
           9.32976380e-02, -1.48398399e-01,  1.33396566e-01,
          -9.25825015e-02,  1.47288591e-01,  6.66809231e-02,
          -7.04562142e-02,  4.47939187e-02,  1.45852799e-03,
          -4.48273234e-02,  1.36854380e-01, -1.00446090e-01,
           1.66631918e-02, -8.36706161e-02]]],


       [[[ 4.94524576e-02,  4.50548977e-02,  1.48053244e-01,
           1.43997073e-01,  5.74906766e-02,  1.74495056e-01,
           2.03117002e-02,  1.62075132e-01, -1.63906384e-02,
           1.88425273e-01, -9.44435745e-02, -1.35978773e-01,
           7.23655149e-02, -6.44968674e-02,  1.76914603e-01,
           1.17074214e-01,  8.15723613e-02,  2.20297258e-02,
           1.43810540e-01,  1.82019904e-01,  1.57141760e-01,
           1.78793162e-01, -3.99354175e-02,  1.53788492e-01,
           1.52881414e-01, -7.81491101e-02,  4.39995192e-02,
          -2.49164756e-02, -3.66588309e-02,  1.13528699e-01,
           1.05382971e-01,  5.22013195e-02]],

        [[ 1.16094165e-01, -1.63993146e-02,  9.02687237e-02,
           1.33224562e-01,  9.69984382e-02, -2.42724027e-02,
           7.49658719e-02,  3.18625756e-02,  1.05474733e-01,
           4.79688123e-02,  6.55409321e-02,  1.77835345e-01,
           9.07636881e-02,  1.09472215e-01, -1.92849655e-02,
           8.98046270e-02, -4.08990402e-03,  1.21968299e-01,
           5.28899916e-02,  3.56785730e-02,  1.77356347e-01,
           1.45587534e-01,  1.89403117e-01,  5.74582107e-02,
           1.80998351e-02,  8.01697299e-02,  7.32591525e-02,
           1.92754894e-01, -1.60285965e-01,  1.09865189e-01,
           9.06398445e-02,  1.89940616e-01]],

        [[ 1.72932446e-01,  1.42758027e-01,  1.32547036e-01,
           1.77557960e-01, -4.53562960e-02,  2.89006867e-02,
          -9.40619931e-02, -1.58214401e-02,  7.52148964e-03,
           8.28359574e-02,  1.47639349e-01,  1.55564681e-01,
           9.05184746e-02,  2.98264921e-02,  1.82011545e-01,
           1.02457546e-01,  1.13686375e-01,  9.68182608e-02,
           1.69931784e-01, -1.02726758e-01,  5.19355088e-02,
           8.37372094e-02,  3.91195342e-02,  1.75249130e-01,
          -2.01075420e-01,  1.83798522e-01,  1.58999398e-01,
           1.51047006e-01,  1.17067518e-02, -6.10095263e-02,
           5.56637719e-02,  1.06845155e-01]]],


       [[[ 1.67465240e-01,  8.47739801e-02,  1.82380453e-01,
          -1.74481440e-02,  1.70909151e-01,  1.12823196e-01,
          -1.98917061e-01,  1.75143704e-02,  7.72928968e-02,
          -4.70031388e-02,  1.70356542e-01,  7.12061748e-02,
           1.07285723e-01,  3.24356779e-02,  1.17557578e-01,
           1.02740832e-01, -8.73576552e-02,  1.81529000e-01,
          -1.48451133e-02,  1.16885357e-01,  2.33597122e-02,
           2.33073868e-02,  1.69087008e-01, -1.05314776e-01,
          -7.26276934e-02,  1.29611507e-01, -7.67881051e-02,
          -7.78237730e-02, -1.93355158e-01,  1.35181382e-01,
           7.76112974e-02,  1.10587277e-01]],

        [[ 3.45601887e-02,  9.74878073e-02, -1.69340912e-02,
          -2.40387674e-02,  1.64762691e-01,  1.71628565e-01,
          -1.56587690e-01,  1.44693226e-01,  1.30625963e-01,
           1.30532160e-01,  1.72195867e-01,  8.32577571e-02,
           7.31918886e-02,  1.31627440e-01,  7.18327761e-02,
           1.02161780e-01,  1.75965175e-01,  1.43879771e-01,
           1.39273942e-01,  1.10930957e-01, -8.60810056e-02,
           1.04918763e-01,  1.24937668e-03, -1.17248461e-01,
          -2.45818511e-01,  1.41575068e-01,  6.20916411e-02,
           1.30914018e-01,  2.75891423e-02, -7.63749331e-02,
           6.51995987e-02,  1.30021080e-01]],

        [[ 7.50545412e-02,  9.63501260e-02, -5.20126149e-02,
           1.71045005e-01,  1.80237412e-01,  2.88270898e-02,
          -1.45532459e-01,  1.69160560e-01,  1.67751461e-02,
           1.87866598e-01,  1.90832987e-01,  9.43188220e-02,
           3.64428423e-02, -1.44745661e-02,  7.05032125e-02,
           4.11591940e-02,  1.13071650e-01,  1.89019874e-01,
           2.16117501e-02,  2.09641188e-01,  1.44169897e-01,
           8.94558728e-02, -6.87426776e-02, -1.70619916e-02,
          -1.29335746e-01, -1.00037977e-02,  1.30578518e-01,
           2.01421678e-02,  2.04362318e-01,  1.74772867e-03,
           7.69848004e-02,  1.16477810e-01]]]], dtype=float32)>] 
Epoch4: [<tf.Variable 'conv2d/kernel:0' shape=(3, 3, 1, 32) dtype=float32, numpy=
array([[[[-0.02931683, -0.02174506,  0.02816453,  0.05632308,
          -0.02051136,  0.10916989,  0.16413437,  0.09650184,
          -0.01096851, -0.21138778,  0.12126488, -0.22948864,
           0.11032304, -0.15815023,  0.09442141,  0.09289841,
          -0.16886011,  0.12434541,  0.08086375, -0.2015905 ,
           0.18230245,  0.04147683, -0.13538738, -0.05397564,
           0.13419478,  0.03768855,  0.0079858 , -0.04280942,
           0.12906902,  0.02702649, -0.19045785,  0.05149079]],

        [[ 0.06524873, -0.08224133,  0.03667536,  0.06423251,
          -0.16651496,  0.18528335,  0.12673213,  0.00602387,
           0.16980444, -0.2316119 , -0.00391781, -0.01127345,
           0.13970305,  0.13179919, -0.05119161,  0.03544411,
           0.01335559,  0.01628508,  0.12990633, -0.25616822,
           0.09453771,  0.02207304,  0.11487924,  0.09772418,
           0.20602606,  0.0263184 ,  0.19587909,  0.16890459,
          -0.16753109,  0.13877119, -0.00676779,  0.12793301]],

        [[ 0.15162495, -0.05257927, -0.01948836,  0.04812958,
          -0.1397788 ,  0.16649891,  0.11153176,  0.15332556,
           0.17131862, -0.23957416, -0.04015623, -0.03593962,
           0.01805777,  0.11455295,  0.15258156, -0.01580233,
           0.1393895 ,  0.00139443,  0.0959066 , -0.17106922,
           0.1383559 , -0.09756609,  0.15246871,  0.07090937,
          -0.06917002,  0.05003339,  0.00613658, -0.04125332,
           0.13941538, -0.11312853,  0.01819856, -0.08283493]]],


       [[[ 0.0516309 ,  0.04456838,  0.15317748,  0.14874257,
           0.05963719,  0.17854205,  0.02772365,  0.16782533,
          -0.01439539,  0.20030068, -0.09434009, -0.14736058,
           0.07661781, -0.07399497,  0.1812971 ,  0.121355  ,
           0.07179772,  0.0257782 ,  0.1481967 ,  0.18981828,
           0.16259226,  0.18421018, -0.04008485,  0.15932027,
           0.17485406, -0.07917509,  0.04360893, -0.03013827,
          -0.04267451,  0.11879909,  0.10964406,  0.05640567]],

        [[ 0.1211304 , -0.01532102,  0.09614906,  0.13935794,
           0.0940552 , -0.0194018 ,  0.08387914,  0.03807881,
           0.11228538,  0.05593982,  0.06990752,  0.182296  ,
           0.09603325,  0.1158134 , -0.01443836,  0.09442272,
          -0.00048722,  0.12666866,  0.05878402,  0.04494388,
           0.18440858,  0.15117006,  0.196191  ,  0.0632024 ,
           0.02648243,  0.08593446,  0.07998025,  0.19862118,
          -0.16637081,  0.11075687,  0.09638759,  0.19591884]],

        [[ 0.17744333,  0.14644553,  0.13608834,  0.18279532,
          -0.05058763,  0.03206192, -0.08592543, -0.01172723,
           0.0111403 ,  0.08265402,  0.15205753,  0.16242157,
           0.09346184,  0.03429193,  0.18635008,  0.10510752,
           0.11929991,  0.10014715,  0.17458026, -0.10522049,
           0.05863418,  0.0871668 ,  0.04109907,  0.17968385,
          -0.2270594 ,  0.18904464,  0.16549723,  0.1554508 ,
           0.02881838, -0.07944342,  0.06024529,  0.11000153]]],


       [[[ 0.17066273,  0.09047495,  0.18692876, -0.01937811,
           0.17545287,  0.11687156, -0.228411  ,  0.02110949,
           0.0818003 , -0.02759817,  0.1749577 ,  0.07410601,
           0.11056161,  0.03244388,  0.12128503,  0.10533978,
          -0.08927171,  0.18447994, -0.01310422,  0.13233025,
           0.02355769,  0.02452886,  0.1739954 , -0.11924209,
          -0.07156283,  0.13314307, -0.08422302, -0.08364736,
          -0.20658071,  0.14155163,  0.0829795 ,  0.11363545]],

        [[ 0.03867429,  0.10382555, -0.01444169, -0.02164604,
           0.17005748,  0.17692713, -0.18557385,  0.15055092,
           0.13746999,  0.14485101,  0.17898113,  0.09058228,
           0.07786889,  0.13832456,  0.07592867,  0.10611352,
           0.18051817,  0.14795978,  0.1431316 ,  0.12936512,
          -0.08377567,  0.10936857,  0.00510892, -0.1343943 ,
          -0.2728719 ,  0.1472776 ,  0.06549789,  0.13544463,
           0.03209417, -0.0761654 ,  0.06950564,  0.13521716]],

        [[ 0.07841305,  0.10099692, -0.05475398,  0.17590009,
           0.18524572,  0.03316958, -0.1685436 ,  0.17513043,
           0.01998004,  0.19377016,  0.19619481,  0.09725153,
           0.03967746, -0.01187228,  0.07391791,  0.04438052,
           0.11728622,  0.19326262,  0.02499175,  0.220206  ,
           0.14898877,  0.09537315, -0.07531886, -0.02520062,
          -0.15545678, -0.00778502,  0.13718753,  0.02405028,
           0.21889406, -0.00969069,  0.07889915,  0.12122737]]]],
      dtype=float32)>] 
Epoch5: [<tf.Variable 'conv2d/kernel:0' shape=(3, 3, 1, 32) dtype=float32, numpy=
array([[[[-0.03087956, -0.02916191,  0.030516  ,  0.06097201,
          -0.02659597,  0.11187646,  0.17557184,  0.10246406,
          -0.01340654, -0.22560218,  0.12193669, -0.2485426 ,
           0.11495014, -0.17276531,  0.09682442,  0.09741834,
          -0.18165746,  0.12785982,  0.08360985, -0.21678993,
           0.18613535,  0.04690795, -0.14551406, -0.04843704,
           0.15019089,  0.03542395,  0.01201751, -0.04402487,
           0.12824592,  0.03163666, -0.19908282,  0.05612535]],

        [[ 0.06923548, -0.09412338,  0.04044259,  0.06925157,
          -0.1856711 ,  0.18943617,  0.14337867,  0.01199225,
           0.17540404, -0.2503596 , -0.00182026, -0.0166194 ,
           0.14503089,  0.13452984, -0.04852884,  0.03937204,
           0.0151966 ,  0.02095949,  0.13394262, -0.27572513,
           0.10013562,  0.02328507,  0.11767492,  0.10298392,
           0.223887  ,  0.0301227 ,  0.20275924,  0.17405376,
          -0.18087088,  0.14191005, -0.01083656,  0.13301247]],

        [[ 0.15680072, -0.05876902, -0.01532758,  0.05136802,
          -0.16008718,  0.1701078 ,  0.13206796,  0.1574313 ,
           0.17640088, -0.25959522, -0.03898089, -0.02711786,
           0.02086779,  0.1198809 ,  0.15630725, -0.01469813,
           0.14657474,  0.0044202 ,  0.0987807 , -0.18961838,
           0.14330089, -0.10276239,  0.15728763,  0.07470768,
          -0.06920141,  0.05561183,  0.01028711, -0.03863287,
           0.14237492, -0.12644663,  0.02006707, -0.0822939 ]]],


       [[[ 0.05313189,  0.04437982,  0.15807623,  0.1530681 ,
           0.06178149,  0.18228479,  0.03289991,  0.1730417 ,
          -0.01326662,  0.21011025, -0.0950696 , -0.15934928,
           0.08068059, -0.08393698,  0.18511297,  0.12549782,
           0.06063945,  0.02914527,  0.1521046 ,  0.19772497,
           0.16755392,  0.18944854, -0.04067913,  0.16356696,
           0.19416085, -0.08031772,  0.04202632, -0.03608778,
          -0.04855145,  0.12314323,  0.11365115,  0.05989053]],

        [[ 0.12566301, -0.01431382,  0.10189332,  0.14522968,
           0.09070554, -0.01480734,  0.0910439 ,  0.04389754,
           0.11839624,  0.06404212,  0.07402361,  0.18651102,
           0.10116216,  0.12078492, -0.01002963,  0.0990218 ,
           0.00185639,  0.13119692,  0.06432821,  0.05367756,
           0.19116186,  0.15653242,  0.20209469,  0.0675973 ,
           0.0330935 ,  0.09172062,  0.0859231 ,  0.20354356,
          -0.17146662,  0.10960101,  0.1020299 ,  0.20155492]],

        [[ 0.18176834,  0.1501705 ,  0.13964976,  0.18796518,
          -0.05533861,  0.03498723, -0.08041492, -0.00780949,
           0.01401316,  0.08336992,  0.15663761,  0.16930808,
           0.09625323,  0.03739769,  0.19079494,  0.1079189 ,
           0.12411261,  0.10348   ,  0.17923246, -0.10615809,
           0.06524701,  0.09054805,  0.04232947,  0.1833079 ,
          -0.25051907,  0.19444951,  0.17154396,  0.1590158 ,
           0.04450859, -0.09752689,  0.0647591 ,  0.11286765]]],


       [[[ 0.17324293,  0.09621041,  0.19089545, -0.02174066,
           0.18003605,  0.12065116, -0.25529394,  0.02399658,
           0.08524562, -0.01021936,  0.1787881 ,  0.07548219,
           0.11345461,  0.03106559,  0.12405124,  0.10757101,
          -0.09340458,  0.1868238 , -0.01184214,  0.14676963,
           0.02308183,  0.02512876,  0.1778426 , -0.1327015 ,
          -0.07096832,  0.13632482, -0.09216545, -0.0904535 ,
          -0.21966779,  0.14713816,  0.08824224,  0.11563811]],

        [[ 0.042039  ,  0.10992718, -0.01277238, -0.02005439,
           0.17534575,  0.18198904, -0.21277755,  0.15582436,
           0.14327814,  0.15846895,  0.18540427,  0.0971837 ,
           0.08213523,  0.14332737,  0.07925811,  0.10975797,
           0.18346146,  0.1515876 ,  0.1464448 ,  0.14615265,
          -0.08172496,  0.11343438,  0.0077413 , -0.15088177,
          -0.29686525,  0.15259947,  0.06796639,  0.1385427 ,
           0.03589997, -0.07769634,  0.07345649,  0.13952813]],

        [[ 0.0813131 ,  0.10531121, -0.05759481,  0.18051793,
           0.1906475 ,  0.0374308 , -0.18961558,  0.18074639,
           0.02198539,  0.19979846,  0.201389  ,  0.09908505,
           0.04274635, -0.01098619,  0.07726289,  0.0476096 ,
           0.12022007,  0.19712499,  0.02821593,  0.22992444,
           0.15418679,  0.10142413, -0.08220071, -0.03368429,
          -0.17901146, -0.00603865,  0.14325334,  0.02657916,
           0.23147741, -0.02194939,  0.08036222,  0.12537356]]]],
      dtype=float32)>] 
Epoch6: [<tf.Variable 'conv2d/kernel:0' shape=(3, 3, 1, 32) dtype=float32, numpy=
array([[[[-0.03248402, -0.0364052 ,  0.03244369,  0.06468964,
          -0.03292367,  0.11452214,  0.18637319,  0.10796186,
          -0.01611582, -0.23890667,  0.12167399, -0.2659158 ,
           0.11923545, -0.18537137,  0.09908451,  0.10075331,
          -0.1939259 ,  0.1305464 ,  0.08553753, -0.229615  ,
           0.18910244,  0.05126315, -0.15411012, -0.04343137,
           0.16487455,  0.03269102,  0.01510748, -0.04568328,
           0.12671545,  0.0350952 , -0.20707235,  0.06024114]],

        [[ 0.07315464, -0.10547681,  0.04348384,  0.0732063 ,
          -0.2035961 ,  0.19347933,  0.15862079,  0.01736782,
           0.18077977, -0.2671384 , -0.00084536, -0.02170585,
           0.14979954,  0.13707969, -0.04615758,  0.04218832,
           0.01629859,  0.02462834,  0.1370136 , -0.29274493,
           0.10459109,  0.02332509,  0.12013523,  0.10762841,
           0.24010077,  0.0335149 ,  0.20858756,  0.1785195 ,
          -0.19258341,  0.14347628, -0.01513896,  0.13757692]],

        [[ 0.16193572, -0.0655297 , -0.01195843,  0.05346207,
          -0.17896888,  0.1735306 ,  0.15022434,  0.16122638,
           0.18131176, -0.27739063, -0.03881459, -0.01818628,
           0.02304403,  0.12505524,  0.15965159, -0.01461609,
           0.1536522 ,  0.00638863,  0.1006181 , -0.20614985,
           0.14678279, -0.10862118,  0.16146821,  0.07765324,
          -0.06972235,  0.06088909,  0.01336984, -0.03637398,
           0.145385  , -0.13953368,  0.02128844, -0.0823369 ]]],


       [[[ 0.05501857,  0.04394872,  0.1631728 ,  0.1570607 ,
           0.06337346,  0.18593948,  0.03800532,  0.17841874,
          -0.01202719,  0.21832667, -0.09575117, -0.17037758,
           0.08460721, -0.09226587,  0.1891008 ,  0.12926109,
           0.05012398,  0.03249404,  0.15573585,  0.20441432,
           0.1719924 ,  0.19412462, -0.04075313,  0.167186  ,
           0.21202765, -0.08141872,  0.0394829 , -0.04189951,
          -0.0550468 ,  0.12687296,  0.11741708,  0.06340589]],

        [[ 0.13049504, -0.01408823,  0.10772859,  0.15072343,
           0.08669212, -0.01043016,  0.0985098 ,  0.04969258,
           0.12457426,  0.07124946,  0.07769341,  0.1909944 ,
           0.10577971,  0.12599388, -0.00553229,  0.10303214,
           0.00410227,  0.13534746,  0.06940233,  0.06032432,
           0.1971338 ,  0.16140477,  0.20781834,  0.07112622,
           0.03862584,  0.09741025,  0.09132395,  0.20821418,
          -0.17593223,  0.10731027,  0.10705602,  0.20705558]],

        [[ 0.18597579,  0.15285142,  0.14290124,  0.19249922,
          -0.06080962,  0.0374967 , -0.07562601, -0.00398277,
           0.01683824,  0.08356141,  0.16042513,  0.1768619 ,
           0.09824535,  0.04087445,  0.19491327,  0.10978821,
           0.12920415,  0.10621051,  0.18323569, -0.10792178,
           0.07065024,  0.09310608,  0.04326946,  0.18629526,
          -0.27220765,  0.19946525,  0.17695288,  0.1624391 ,
           0.05872582, -0.11510286,  0.06841122,  0.11518531]]],


       [[[ 0.17626767,  0.10162567,  0.19496371, -0.02430813,
           0.18411855,  0.1244862 , -0.2786916 ,  0.02698199,
           0.08927237,  0.00469057,  0.18258257,  0.07676305,
           0.11624407,  0.03017256,  0.12697633,  0.10930175,
          -0.09687737,  0.18903114, -0.01075835,  0.15897058,
           0.02242086,  0.02489253,  0.18158509, -0.14508931,
          -0.06970762,  0.13929912, -0.10058828, -0.09672637,
          -0.23157005,  0.152379  ,  0.09311043,  0.11772861]],

        [[ 0.0455327 ,  0.11505049, -0.01127273, -0.01892503,
           0.17982644,  0.1869174 , -0.23668887,  0.16107783,
           0.14939748,  0.1704273 ,  0.19139503,  0.10406994,
           0.08603009,  0.14843275,  0.08247586,  0.11259364,
           0.18663828,  0.15469693,  0.14930332,  0.16023915,
          -0.08044649,  0.11680029,  0.01020812, -0.16637723,
          -0.3178972 ,  0.15754291,  0.06980324,  0.14175217,
           0.03943958, -0.07993489,  0.07677034,  0.14364919]],

        [[ 0.08373976,  0.10839943, -0.06080298,  0.18446137,
           0.19472119,  0.04113277, -0.20747262,  0.18613504,
           0.02420768,  0.20485088,  0.20579608,  0.10107949,
           0.04512174, -0.00947811,  0.07997587,  0.049566  ,
           0.1232658 ,  0.20041732,  0.03081107,  0.23764022,
           0.15838401,  0.10672066, -0.08843295, -0.04184005,
          -0.2006936 , -0.00517996,  0.14872903,  0.02926863,
           0.24293368, -0.03455178,  0.08082749,  0.12897669]]]],
      dtype=float32)>] 
Epoch7: [<tf.Variable 'conv2d/kernel:0' shape=(3, 3, 1, 32) dtype=float32, numpy=
array([[[[-0.03384634, -0.0423279 ,  0.03376022,  0.06933528,
          -0.03858163,  0.11735554,  0.19588464,  0.11394049,
          -0.01857198, -0.25088093,  0.12247318, -0.28160325,
           0.12393315, -0.19659084,  0.10149401,  0.1049117 ,
          -0.20531024,  0.13394348,  0.0879574 , -0.24047984,
           0.19273697,  0.05616498, -0.16176495, -0.03850257,
           0.1773753 ,  0.0301333 ,  0.01874444, -0.04713501,
           0.12513416,  0.03817746, -0.21452732,  0.06494028]],

        [[ 0.07736651, -0.11540377,  0.04609502,  0.07828715,
          -0.21963666,  0.19774315,  0.17175151,  0.02316258,
           0.1861041 , -0.28164995,  0.00112366, -0.02656138,
           0.15524346,  0.1393101 , -0.04355194,  0.04579207,
           0.01693706,  0.02899358,  0.14089058, -0.3075974 ,
           0.10980077,  0.02385287,  0.12213396,  0.11275159,
           0.25373054,  0.03692305,  0.21497452,  0.18268341,
          -0.20291784,  0.14438124, -0.01897183,  0.14271799]],

        [[ 0.1678283 , -0.07156517, -0.00873309,  0.0566553 ,
          -0.1950518 ,  0.17712334,  0.16609041,  0.16524509,
           0.18617138, -0.2915888 , -0.03786606, -0.0098536 ,
           0.026017  ,  0.12942478,  0.16352685, -0.01364061,
           0.16019125,  0.00908661,  0.10340583, -0.21993504,
           0.15128364, -0.11403806,  0.16486882,  0.08138669,
          -0.07191071,  0.06643339,  0.01692167, -0.03465991,
           0.14814422, -0.15214646,  0.02292695, -0.08213816]]],


       [[[ 0.05681541,  0.04416433,  0.16789386,  0.16136758,
           0.06537968,  0.18970136,  0.04294633,  0.1837752 ,
          -0.01120071,  0.22512579, -0.09599226, -0.18063924,
           0.08848444, -0.10033437,  0.19344895,  0.13341856,
           0.03968846,  0.03610104,  0.15962528,  0.21029806,
           0.17685635,  0.1995657 , -0.04087034,  0.1705928 ,
           0.2276441 , -0.08283764,  0.03657851, -0.0476892 ,
          -0.06108024,  0.12998493,  0.12120263,  0.06680532]],

        [[ 0.13545327, -0.01332453,  0.11309227,  0.15663631,
           0.08379848, -0.0061428 ,  0.10536724,  0.0553508 ,
           0.13039482,  0.07810192,  0.0818827 ,  0.19536634,
           0.11038369,  0.13011934, -0.00061096,  0.10738134,
           0.00579384,  0.139922  ,  0.07485589,  0.06614077,
           0.20343785,  0.16684678,  0.21270348,  0.07475179,
           0.04281898,  0.10280872,  0.09645887,  0.21217252,
          -0.17980279,  0.10436913,  0.11244636,  0.21266149]],

        [[ 0.19044586,  0.15584116,  0.14585404,  0.1976236 ,
          -0.06468742,  0.03975413, -0.07181066, -0.00039627,
           0.01915825,  0.08488534,  0.16466977,  0.18443196,
           0.10028246,  0.04342507,  0.19944987,  0.11201844,
           0.13384244,  0.10958251,  0.18769681, -0.10888453,
           0.07643516,  0.0961042 ,  0.04367617,  0.18954974,
          -0.29266864,  0.20440297,  0.18227535,  0.16521691,
           0.07080654, -0.1317284 ,  0.07277364,  0.11755364]]],


       [[[ 0.17933783,  0.10732955,  0.19868195, -0.0268869 ,
           0.18884736,  0.12838334, -0.29892403,  0.02983164,
           0.09248472,  0.01789775,  0.18650666,  0.07785378,
           0.11904936,  0.02868309,  0.13040625,  0.11135294,
          -0.10063593,  0.19159164, -0.00944411,  0.16984543,
           0.02194924,  0.02495503,  0.1848281 , -0.15646215,
          -0.06904037,  0.14196894, -0.10933602, -0.10316783,
          -0.24253376,  0.15733115,  0.09837335,  0.11970851]],

        [[ 0.04922123,  0.12053243, -0.01040359, -0.01758804,
           0.18517381,  0.19169427, -0.2578537 ,  0.16643317,
           0.15482113,  0.18155332,  0.19785702,  0.11092972,
           0.08983163,  0.15256247,  0.08632533,  0.11582737,
           0.18946563,  0.15829845,  0.15241091,  0.17290714,
          -0.07929893,  0.12052178,  0.01206197, -0.18033955,
          -0.33710408,  0.16248493,  0.07102898,  0.14406784,
           0.04223163, -0.08211236,  0.08082499,  0.14791597]],

        [[ 0.08655869,  0.11186983, -0.06392061,  0.18909833,
           0.19955188,  0.04468542, -0.22330074,  0.19183591,
           0.0259004 ,  0.21032393,  0.21070178,  0.10305024,
           0.04756591, -0.00847479,  0.08350607,  0.05221693,
           0.1259372 ,  0.20451988,  0.03369489,  0.24495502,
           0.16266817,  0.11278921, -0.09433737, -0.04917582,
          -0.22057573, -0.00416099,  0.153977  ,  0.03119745,
           0.25236407, -0.04640304,  0.08229344,  0.1330519 ]]]],
      dtype=float32)>] 
Epoch8: [<tf.Variable 'conv2d/kernel:0' shape=(3, 3, 1, 32) dtype=float32, numpy=
array([[[[-0.03647866, -0.04831943,  0.03383287,  0.07226556,
          -0.04406518,  0.11995225,  0.20463422,  0.11827215,
          -0.02135635, -0.2610112 ,  0.12142108, -0.29637063,
           0.12735325, -0.20727816,  0.10316457,  0.10715508,
          -0.2170467 ,  0.13559599,  0.08966261, -0.24954884,
           0.19555563,  0.05894478, -0.16866261, -0.03452477,
           0.18949191,  0.02657433,  0.02119213, -0.04939474,
           0.12360753,  0.04064147, -0.22153696,  0.06810749]],

        [[ 0.08072276, -0.12550756,  0.04758188,  0.08181674,
          -0.23413634,  0.2018899 ,  0.18393168,  0.02735292,
           0.19064115, -0.29405853,  0.00113721, -0.0322404 ,
           0.15955576,  0.14088577, -0.04153277,  0.04768543,
           0.01634694,  0.03161812,  0.14370118, -0.32055867,
           0.11394527,  0.02239551,  0.12365195,  0.11656268,
           0.26713023,  0.03894893,  0.21978138,  0.18579343,
          -0.2121656 ,  0.14480604, -0.02314079,  0.1464621 ]],

        [[ 0.17315023, -0.07836236, -0.00660119,  0.05855018,
          -0.2094149 ,  0.1807214 ,  0.18076307,  0.16805808,
           0.19033648, -0.30384028, -0.03873147, -0.00294738,
           0.02803718,  0.13340016,  0.16681589, -0.01393785,
           0.16594563,  0.00994961,  0.10503946, -0.23220819,
           0.15437675, -0.12102544,  0.16796792,  0.08392663,
          -0.07345255,  0.07086648,  0.01897923, -0.0337118 ,
           0.15125667, -0.16415073,  0.02359729, -0.08355637]]],


       [[[ 0.05868497,  0.04412051,  0.17237662,  0.16529514,
           0.06711381,  0.19361588,  0.04716415,  0.18873458,
          -0.01057256,  0.2317283 , -0.0978515 , -0.19043717,
           0.09210639, -0.10773256,  0.19784515,  0.13687553,
           0.02913518,  0.03904974,  0.16346818,  0.21579026,
           0.1816818 ,  0.20403942, -0.04078884,  0.17342888,
           0.2426281 , -0.08449311,  0.03332451, -0.05346593,
          -0.0666666 ,  0.1328259 ,  0.12442454,  0.06996698]],

        [[ 0.14081682, -0.01343689,  0.11813714,  0.16236682,
           0.08135691, -0.00165978,  0.11197107,  0.06041161,
           0.1357647 ,  0.08447862,  0.08474918,  0.1990255 ,
           0.11462214,  0.13398719,  0.00457168,  0.11087287,
           0.0067523 ,  0.14403251,  0.08006175,  0.07106067,
           0.20932336,  0.17116822,  0.2172371 ,  0.07769248,
           0.04752066,  0.10794549,  0.10098365,  0.21569642,
          -0.18302701,  0.1013619 ,  0.11691026,  0.21801174]],

        [[ 0.19519924,  0.15766901,  0.14848273,  0.20257643,
          -0.06829441,  0.04227446, -0.0678027 ,  0.00265413,
           0.02110538,  0.08615878,  0.1678236 ,  0.19127488,
           0.10197838,  0.04592276,  0.20442   ,  0.11354193,
           0.13807383,  0.1123006 ,  0.19205703, -0.11008788,
           0.08161245,  0.09822264,  0.04418758,  0.19217084,
          -0.3111649 ,  0.20904975,  0.1870527 ,  0.1675959 ,
           0.08207163, -0.14731543,  0.07610694,  0.1193262 ]]],


       [[[ 0.18324828,  0.11262963,  0.20229872, -0.02914726,
           0.19351658,  0.13258964, -0.3175052 ,  0.03300914,
           0.09568541,  0.02992236,  0.1897722 ,  0.07862669,
           0.12199031,  0.02764611,  0.13408542,  0.11315452,
          -0.10443283,  0.1941074 , -0.00793881,  0.17954512,
           0.02170229,  0.024702  ,  0.18788433, -0.16693929,
          -0.06738439,  0.14489402, -0.11734564, -0.10910792,
          -0.25193834,  0.16224319,  0.1031165 ,  0.12195948]],

        [[ 0.05346709,  0.12498894, -0.00991404, -0.01631041,
           0.19044162,  0.19674239, -0.27663007,  0.17167385,
           0.16008087,  0.19165108,  0.20365766,  0.11728469,
           0.0937201 ,  0.15653376,  0.0904507 ,  0.11851753,
           0.19191958,  0.16170812,  0.1553948 ,  0.18401307,
          -0.07859758,  0.12369423,  0.01375178, -0.19313031,
          -0.35308918,  0.16730802,  0.07215438,  0.14614321,
           0.04492295, -0.08438006,  0.08383006,  0.15212595]],

        [[ 0.08961067,  0.11415922, -0.06698719,  0.19389002,
           0.20393963,  0.0485503 , -0.23697068,  0.19758005,
           0.02732795,  0.21534093,  0.21514264,  0.10466547,
           0.04991542, -0.0074482 ,  0.08733588,  0.05449899,
           0.12838209,  0.20838282,  0.03659952,  0.25105524,
           0.16655642,  0.11859818, -0.09964054, -0.05638516,
          -0.23797786, -0.00362461,  0.15941444,  0.03289068,
           0.26110792, -0.05787222,  0.08245756,  0.13683031]]]],
      dtype=float32)>] 
Epoch9: [<tf.Variable 'conv2d/kernel:0' shape=(3, 3, 1, 32) dtype=float32, numpy=
array([[[[-0.03912729, -0.0527725 ,  0.0341692 ,  0.07514147,
          -0.04805212,  0.12213089,  0.21256411,  0.12278149,
          -0.02386738, -0.27116537,  0.12183867, -0.30994424,
           0.13040513, -0.21758895,  0.10460506,  0.11015742,
          -0.22875522,  0.13783292,  0.09124497, -0.25681877,
           0.19838314,  0.06299536, -0.17484835, -0.03019785,
           0.1999327 ,  0.02371219,  0.02379967, -0.05057336,
           0.12254354,  0.04285775, -0.22800547,  0.07120649]],

        [[ 0.08355592, -0.13369723,  0.0499438 ,  0.085516  ,
          -0.24640664,  0.20584966,  0.19422416,  0.03174008,
           0.19552873, -0.30483407,  0.00215932, -0.03685085,
           0.16345547,  0.14211217, -0.03982722,  0.05038738,
           0.01537603,  0.0348173 ,  0.14648625, -0.331218  ,
           0.11832123,  0.02199671,  0.12513748,  0.12114041,
           0.27864727,  0.04145969,  0.22458285,  0.18946159,
          -0.21998721,  0.14514802, -0.02714851,  0.15034059]],

        [[ 0.178208  , -0.08351676, -0.00319336,  0.06056532,
          -0.22120446,  0.1844345 ,  0.19282392,  0.17131254,
           0.19487967, -0.3131066 , -0.03890725,  0.0039345 ,
           0.03017952,  0.13678415,  0.1703917 , -0.01336969,
           0.17134525,  0.0118442 ,  0.10708661, -0.2419991 ,
           0.15818046, -0.1270471 ,  0.17092712,  0.08716048,
          -0.07570192,  0.0756935 ,  0.02089668, -0.03251088,
           0.15449022, -0.17532364,  0.02460532, -0.08428261]]],


       [[[ 0.05970405,  0.0450426 ,  0.177163  ,  0.1685354 ,
           0.06984854,  0.19683129,  0.05155552,  0.19317241,
          -0.0101909 ,  0.23651934, -0.09846082, -0.19888341,
           0.09454861, -0.11512835,  0.20147692,  0.1405548 ,
           0.01843101,  0.04217833,  0.16647089,  0.22109938,
           0.1858771 ,  0.20916884, -0.0407092 ,  0.176214  ,
           0.25580612, -0.08600587,  0.02909164, -0.05876503,
          -0.07195184,  0.13542406,  0.12764157,  0.07222878]],

        [[ 0.14518385, -0.01256139,  0.12395309,  0.16739066,
           0.0802989 ,  0.00212588,  0.11794529,  0.06531317,
           0.14102621,  0.09018914,  0.08824167,  0.2034993 ,
           0.11781025,  0.13707696,  0.00905864,  0.11464195,
           0.00728718,  0.14833622,  0.0845708 ,  0.07565699,
           0.21468863,  0.17614971,  0.22146694,  0.08088827,
           0.0508241 ,  0.11313912,  0.10468794,  0.21922866,
          -0.18528986,  0.09864089,  0.12165711,  0.22306062]],

        [[ 0.19917817,  0.16030289,  0.15208721,  0.20707043,
          -0.07034538,  0.04427299, -0.06495724,  0.00586641,
           0.02290592,  0.08852187,  0.17152971,  0.19870421,
           0.1030108 ,  0.04779369,  0.20909989,  0.11561912,
           0.1419652 ,  0.11563721,  0.19618264, -0.11051639,
           0.08658106,  0.10090571,  0.04458603,  0.19521008,
          -0.32922974,  0.21402936,  0.1911776 ,  0.16999681,
           0.09247011, -0.16173671,  0.08014911,  0.12135737]]],


       [[[ 0.18584965,  0.11836103,  0.20592026, -0.03238754,
           0.1987075 ,  0.13581972, -0.3332284 ,  0.03525537,
           0.09817297,  0.03955991,  0.1933544 ,  0.07970114,
           0.12366638,  0.02593106,  0.136619  ,  0.11486913,
          -0.10879786,  0.19630848, -0.00766856,  0.18828775,
           0.02068477,  0.02426154,  0.19057815, -0.17627932,
          -0.06602418,  0.14744529, -0.12676382, -0.1148333 ,
          -0.2611311 ,  0.16693695,  0.10793401,  0.1230001 ]],

        [[ 0.05623139,  0.12985744, -0.00920872, -0.01612394,
           0.19655713,  0.20089334, -0.29303813,  0.17637795,
           0.16475277,  0.20053826,  0.20964977,  0.12388346,
           0.09658023,  0.15951501,  0.09354421,  0.12125379,
           0.19375078,  0.16499619,  0.15748687,  0.19405124,
          -0.07863477,  0.12707536,  0.01513978, -0.20424946,
          -0.36882213,  0.1718448 ,  0.07213768,  0.14820124,
           0.04715637, -0.08613399,  0.08730789,  0.15585159]],

        [[ 0.09138036,  0.11689662, -0.06925956,  0.19785964,
           0.20886466,  0.05166981, -0.24872081,  0.20318614,
           0.02842305,  0.22053453,  0.21973729,  0.10641432,
           0.05149274, -0.00710182,  0.0905496 ,  0.05705526,
           0.13031985,  0.21234594,  0.03908507,  0.25690484,
           0.17001767,  0.12487935, -0.10462949, -0.06215719,
          -0.25511104, -0.00312612,  0.16405812,  0.03450719,
           0.26884267, -0.06828928,  0.08348319,  0.14054707]]]],
      dtype=float32)>] 
Norms of weights w.r.t epochs: [0.0] 
